material_id,formula,volume,density,crystal_system,nsites,elements,chemsys,metal,chalcogen,band_gap,formation_energy_per_atom,avg_coordination,avg_bond_length,electronegativity_diff,radii_ratio,avg_atomic_mass
mp-850099,CuS2,52.54267318712817,4.035024733365863,Tetragonal,3,"['Cu', 'S']",Cu-S,Cu,S,0.0,0.104180094583333,,,,,
mp-850099,CuS2,52.54267318712817,4.035024733365863,Tetragonal,3,"['Cu', 'S']",Cu-S,Cu,S,0.0,0.104180094583333,,,,,
mp-850099,CuS2,52.54267318712817,4.035024733365863,Tetragonal,3,"['Cu', 'S']",Cu-S,Cu,S,0.0,0.351984672951388,,,,,
mp-850099,CuS2,52.54267318712817,4.035024733365863,Tetragonal,3,"['Cu', 'S']",Cu-S,Cu,S,0.0,0.351984672951388,,,,,
mp-1096941,CuS,60.4795241933915,2.625116563235804,Trigonal,2,"['Cu', 'S']",Cu-S,Cu,S,0.0,-0.1520177315625,,,,,
mp-1096941,CuS,60.4795241933915,2.625116563235804,Trigonal,2,"['Cu', 'S']",Cu-S,Cu,S,0.0,-0.1520177315625,,,,,
mp-1096941,CuS,60.4795241933915,2.625116563235804,Trigonal,2,"['Cu', 'S']",Cu-S,Cu,S,0.0,0.015914866093751,,,,,
mp-1096941,CuS,60.4795241933915,2.625116563235804,Trigonal,2,"['Cu', 'S']",Cu-S,Cu,S,0.0,0.015914866093751,,,,,
mp-504,CuS,200.7320549599949,4.745603806875806,Hexagonal,12,"['Cu', 'S']",Cu-S,Cu,S,0.0,-0.444609277395833,,,,,
mp-504,CuS,200.7320549599949,4.745603806875806,Hexagonal,12,"['Cu', 'S']",Cu-S,Cu,S,0.0,-0.444609277395833,,,,,
mp-504,CuS,200.7320549599949,4.745603806875806,Hexagonal,12,"['Cu', 'S']",Cu-S,Cu,S,0.0,-0.444609277395833,,,,,
mp-504,CuS,200.7320549599949,4.745603806875806,Hexagonal,12,"['Cu', 'S']",Cu-S,Cu,S,0.0,-0.277174308072917,,,,,
mp-504,CuS,200.7320549599949,4.745603806875806,Hexagonal,12,"['Cu', 'S']",Cu-S,Cu,S,0.0,-0.277174308072917,,,,,
mp-504,CuS,200.7320549599949,4.745603806875806,Hexagonal,12,"['Cu', 'S']",Cu-S,Cu,S,0.0,-0.277174308072917,,,,,
mp-504,CuS,200.7320549599949,4.745603806875806,Hexagonal,12,"['Cu', 'S']",Cu-S,Cu,S,0.0,-0.277174308072917,,,,,
mp-504,CuS,200.7320549599949,4.745603806875806,Hexagonal,12,"['Cu', 'S']",Cu-S,Cu,S,0.0,-0.277174308072917,,,,,
mp-504,CuS,200.7320549599949,4.745603806875806,Hexagonal,12,"['Cu', 'S']",Cu-S,Cu,S,0.0,-0.277174308072917,,,,,
mp-558139,CuS,59.81797595483973,5.308297319071935,Hexagonal,4,"['Cu', 'S']",Cu-S,Cu,S,0.0,-0.159154511562499,,,,,
mp-558139,CuS,59.81797595483973,5.308297319071935,Hexagonal,4,"['Cu', 'S']",Cu-S,Cu,S,0.0,-0.159154511562499,,,,,
mp-558139,CuS,59.81797595483973,5.308297319071935,Hexagonal,4,"['Cu', 'S']",Cu-S,Cu,S,0.0,0.008778086093752,,,,,
mp-558139,CuS,59.81797595483973,5.308297319071935,Hexagonal,4,"['Cu', 'S']",Cu-S,Cu,S,0.0,0.008778086093752,,,,,
mp-1068,CuS2,193.021561873414,4.39351922778992,Cubic,12,"['Cu', 'S']",Cu-S,Cu,S,0.0,-0.43192488375,,,,,
mp-1068,CuS2,193.021561873414,4.39351922778992,Cubic,12,"['Cu', 'S']",Cu-S,Cu,S,0.0,-0.43192488375,,,,,
mp-1068,CuS2,193.021561873414,4.39351922778992,Cubic,12,"['Cu', 'S']",Cu-S,Cu,S,0.0,-0.43192488375,,,,,
mp-1068,CuS2,193.021561873414,4.39351922778992,Cubic,12,"['Cu', 'S']",Cu-S,Cu,S,0.0,-0.1754101093749999,,,,,
mp-1068,CuS2,193.021561873414,4.39351922778992,Cubic,12,"['Cu', 'S']",Cu-S,Cu,S,0.0,-0.1754101093749999,,,,,
mp-1068,CuS2,193.021561873414,4.39351922778992,Cubic,12,"['Cu', 'S']",Cu-S,Cu,S,0.0,-0.1754101093749999,,,,,
mp-1068,CuS2,193.021561873414,4.39351922778992,Cubic,12,"['Cu', 'S']",Cu-S,Cu,S,0.0,-0.1754101093749999,,,,,
mp-1068,CuS2,193.021561873414,4.39351922778992,Cubic,12,"['Cu', 'S']",Cu-S,Cu,S,0.0,-0.1754101093749999,,,,,
mp-1068,CuS2,193.021561873414,4.39351922778992,Cubic,12,"['Cu', 'S']",Cu-S,Cu,S,0.0,-0.1754101093749999,,,,,
mp-760381,CuS,34.34822657643533,4.622241568815497,Cubic,2,"['Cu', 'S']",Cu-S,Cu,S,0.0,-0.4325504815625,,,,,
mp-760381,CuS,34.34822657643533,4.622241568815497,Cubic,2,"['Cu', 'S']",Cu-S,Cu,S,0.0,-0.4325504815625,,,,,
mp-760381,CuS,34.34822657643533,4.622241568815497,Cubic,2,"['Cu', 'S']",Cu-S,Cu,S,0.0,-0.4325504815625,,,,,
mp-760381,CuS,34.34822657643533,4.622241568815497,Cubic,2,"['Cu', 'S']",Cu-S,Cu,S,0.0,-0.267360408906249,,,,,
mp-760381,CuS,34.34822657643533,4.622241568815497,Cubic,2,"['Cu', 'S']",Cu-S,Cu,S,0.0,-0.267360408906249,,,,,
mp-760381,CuS,34.34822657643533,4.622241568815497,Cubic,2,"['Cu', 'S']",Cu-S,Cu,S,0.0,-0.267360408906249,,,,,
mp-760381,CuS,34.34822657643533,4.622241568815497,Cubic,2,"['Cu', 'S']",Cu-S,Cu,S,0.0,-0.267360408906249,,,,,
mp-760381,CuS,34.34822657643533,4.622241568815497,Cubic,2,"['Cu', 'S']",Cu-S,Cu,S,0.0,-0.267360408906249,,,,,
mp-760381,CuS,34.34822657643533,4.622241568815497,Cubic,2,"['Cu', 'S']",Cu-S,Cu,S,0.0,-0.267360408906249,,,,,
mp-1023128,CuS,29.05010314254594,5.46524051627785,Cubic,2,"['Cu', 'S']",Cu-S,Cu,S,0.0,-0.3203311165625,,,,,
mp-1023128,CuS,29.05010314254594,5.46524051627785,Cubic,2,"['Cu', 'S']",Cu-S,Cu,S,0.0,-0.3203311165625,,,,,
mp-1023128,CuS,29.05010314254594,5.46524051627785,Cubic,2,"['Cu', 'S']",Cu-S,Cu,S,0.0,-0.152398518906249,,,,,
mp-1023128,CuS,29.05010314254594,5.46524051627785,Cubic,2,"['Cu', 'S']",Cu-S,Cu,S,0.0,-0.152398518906249,,,,,
mp-684604,CuS2,59.955980153637455,3.536110748651634,Monoclinic,3,"['Cu', 'S']",Cu-S,Cu,S,0.0,-0.332948755416666,,,,,
mp-684604,CuS2,59.955980153637455,3.536110748651634,Monoclinic,3,"['Cu', 'S']",Cu-S,Cu,S,0.0,-0.332948755416666,,,,,
mp-684604,CuS2,59.955980153637455,3.536110748651634,Monoclinic,3,"['Cu', 'S']",Cu-S,Cu,S,0.0,-0.085144177048611,,,,,
mp-684604,CuS2,59.955980153637455,3.536110748651634,Monoclinic,3,"['Cu', 'S']",Cu-S,Cu,S,0.0,-0.085144177048611,,,,,
mp-849086,CuS2,97.89872550147206,4.331230764879235,Orthorhombic,6,"['Cu', 'S']",Cu-S,Cu,S,0.0,-0.43267423875,,,,,
mp-849086,CuS2,97.89872550147206,4.331230764879235,Orthorhombic,6,"['Cu', 'S']",Cu-S,Cu,S,0.0,-0.43267423875,,,,,
mp-849086,CuS2,97.89872550147206,4.331230764879235,Orthorhombic,6,"['Cu', 'S']",Cu-S,Cu,S,0.0,-0.43267423875,,,,,
mp-849086,CuS2,97.89872550147206,4.331230764879235,Orthorhombic,6,"['Cu', 'S']",Cu-S,Cu,S,0.0,-0.179649955208334,,,,,
mp-849086,CuS2,97.89872550147206,4.331230764879235,Orthorhombic,6,"['Cu', 'S']",Cu-S,Cu,S,0.0,-0.179649955208334,,,,,
mp-849086,CuS2,97.89872550147206,4.331230764879235,Orthorhombic,6,"['Cu', 'S']",Cu-S,Cu,S,0.0,-0.179649955208334,,,,,
mp-849086,CuS2,97.89872550147206,4.331230764879235,Orthorhombic,6,"['Cu', 'S']",Cu-S,Cu,S,0.0,-0.179649955208334,,,,,
mp-849086,CuS2,97.89872550147206,4.331230764879235,Orthorhombic,6,"['Cu', 'S']",Cu-S,Cu,S,0.0,-0.179649955208334,,,,,
mp-849086,CuS2,97.89872550147206,4.331230764879235,Orthorhombic,6,"['Cu', 'S']",Cu-S,Cu,S,0.0,-0.179649955208334,,,,,
mp-1147712,CuS2,221.5668998563784,3.827484809412397,Orthorhombic,12,"['Cu', 'S']",Cu-S,Cu,S,0.0,-0.392943761249999,,,,,
mp-1147712,CuS2,221.5668998563784,3.827484809412397,Orthorhombic,12,"['Cu', 'S']",Cu-S,Cu,S,0.0,-0.392943761249999,,,,,
mp-1147712,CuS2,221.5668998563784,3.827484809412397,Orthorhombic,12,"['Cu', 'S']",Cu-S,Cu,S,0.0,-0.145139182881944,,,,,
mp-1147712,CuS2,221.5668998563784,3.827484809412397,Orthorhombic,12,"['Cu', 'S']",Cu-S,Cu,S,0.0,-0.145139182881944,,,,,
mp-555599,CuS,200.35197715119716,4.754606456722273,Orthorhombic,12,"['Cu', 'S']",Cu-S,Cu,S,0.0,-0.445237088229166,,,,,
mp-555599,CuS,200.35197715119716,4.754606456722273,Orthorhombic,12,"['Cu', 'S']",Cu-S,Cu,S,0.0,-0.445237088229166,,,,,
mp-555599,CuS,200.35197715119716,4.754606456722273,Orthorhombic,12,"['Cu', 'S']",Cu-S,Cu,S,0.0,-0.445237088229166,,,,,
mp-555599,CuS,200.35197715119716,4.754606456722273,Orthorhombic,12,"['Cu', 'S']",Cu-S,Cu,S,0.0,-0.277304490572916,,,,,
mp-555599,CuS,200.35197715119716,4.754606456722273,Orthorhombic,12,"['Cu', 'S']",Cu-S,Cu,S,0.0,-0.277304490572916,,,,,
mp-555599,CuS,200.35197715119716,4.754606456722273,Orthorhombic,12,"['Cu', 'S']",Cu-S,Cu,S,0.0,-0.277304490572916,,,,,
mp-555599,CuS,200.35197715119716,4.754606456722273,Orthorhombic,12,"['Cu', 'S']",Cu-S,Cu,S,0.0,-0.277304490572916,,,,,
mp-555599,CuS,200.35197715119716,4.754606456722273,Orthorhombic,12,"['Cu', 'S']",Cu-S,Cu,S,0.0,-0.277304490572916,,,,,
mp-555599,CuS,200.35197715119716,4.754606456722273,Orthorhombic,12,"['Cu', 'S']",Cu-S,Cu,S,0.0,-0.277304490572916,,,,,
mp-674831,Cu2S,299.18514114414893,5.300124502416815,Triclinic,18,"['Cu', 'S']",Cu-S,Cu,S,0.0,-0.194259943263889,,,,,
mp-674831,Cu2S,299.18514114414893,5.300124502416815,Triclinic,18,"['Cu', 'S']",Cu-S,Cu,S,0.0,-0.194259943263889,,,,,
mp-674831,Cu2S,299.18514114414893,5.300124502416815,Triclinic,18,"['Cu', 'S']",Cu-S,Cu,S,0.0,-0.100808778576387,,,,,
mp-674831,Cu2S,299.18514114414893,5.300124502416815,Triclinic,18,"['Cu', 'S']",Cu-S,Cu,S,0.0,-0.100808778576387,,,,,
mp-1225993,Cu2S,151.93759268382877,3.478881184761393,Monoclinic,6,"['Cu', 'S']",Cu-S,Cu,S,1.2158,-0.243287667708333,,,,,
mp-1225993,Cu2S,151.93759268382877,3.478881184761393,Monoclinic,6,"['Cu', 'S']",Cu-S,Cu,S,1.2158,-0.243287667708333,,,,,
mp-1225993,Cu2S,151.93759268382877,3.478881184761393,Monoclinic,6,"['Cu', 'S']",Cu-S,Cu,S,1.2158,-0.149836503020832,,,,,
mp-1225993,Cu2S,151.93759268382877,3.478881184761393,Monoclinic,6,"['Cu', 'S']",Cu-S,Cu,S,1.2158,-0.149836503020832,,,,,
mp-2014814,Cu2S,119.23849208518529,4.432904368398873,Monoclinic,6,"['Cu', 'S']",Cu-S,Cu,S,0.9229,-0.1392087409375,,,,,
mp-2014814,Cu2S,119.23849208518529,4.432904368398873,Monoclinic,6,"['Cu', 'S']",Cu-S,Cu,S,0.9229,-0.1392087409375,,,,,
mp-2014814,Cu2S,119.23849208518529,4.432904368398873,Monoclinic,6,"['Cu', 'S']",Cu-S,Cu,S,0.9229,-0.1392087409375,,,,,
mp-2014814,Cu2S,119.23849208518529,4.432904368398873,Monoclinic,6,"['Cu', 'S']",Cu-S,Cu,S,0.9229,-0.1392087409375,,,,,
mp-1394093,Cu2S,84.7657540427957,6.235688438267789,Tetragonal,6,"['Cu', 'S']",Cu-S,Cu,S,0.0,-0.177527412708333,,,,,
mp-1394093,Cu2S,84.7657540427957,6.235688438267789,Tetragonal,6,"['Cu', 'S']",Cu-S,Cu,S,0.0,-0.177527412708333,,,,,
mp-1394093,Cu2S,84.7657540427957,6.235688438267789,Tetragonal,6,"['Cu', 'S']",Cu-S,Cu,S,0.0,-0.084076248020833,,,,,
mp-1394093,Cu2S,84.7657540427957,6.235688438267789,Tetragonal,6,"['Cu', 'S']",Cu-S,Cu,S,0.0,-0.084076248020833,,,,,
mp-581212,Cu2S,2160.5959945277928,5.87141141186352,Monoclinic,144,"['Cu', 'S']",Cu-S,Cu,S,0.277899999999999,-0.292566863819444,,,,,
mp-581212,Cu2S,2160.5959945277928,5.87141141186352,Monoclinic,144,"['Cu', 'S']",Cu-S,Cu,S,0.277899999999999,-0.292566863819444,,,,,
mp-581212,Cu2S,2160.5959945277928,5.87141141186352,Monoclinic,144,"['Cu', 'S']",Cu-S,Cu,S,0.277899999999999,-0.199115699131941,,,,,
mp-581212,Cu2S,2160.5959945277928,5.87141141186352,Monoclinic,144,"['Cu', 'S']",Cu-S,Cu,S,0.277899999999999,-0.199115699131941,,,,,
mp-2831205,Cu2S,93.40556019080854,5.658901154984195,Tetragonal,6,"['Cu', 'S']",Cu-S,Cu,S,0.0,-0.209703181041666,,,,,
mp-2831205,Cu2S,93.40556019080854,5.658901154984195,Tetragonal,6,"['Cu', 'S']",Cu-S,Cu,S,0.0,-0.209703181041666,,,,,
mp-2831205,Cu2S,93.40556019080854,5.658901154984195,Tetragonal,6,"['Cu', 'S']",Cu-S,Cu,S,0.0,-0.116252016354165,,,,,
mp-2831205,Cu2S,93.40556019080854,5.658901154984195,Tetragonal,6,"['Cu', 'S']",Cu-S,Cu,S,0.0,-0.116252016354165,,,,,
mp-1225835,Cu2S,97.13586027431336,5.441582860881794,Monoclinic,6,"['Cu', 'S']",Cu-S,Cu,S,0.0,-0.261222214375,,,,,
mp-1225835,Cu2S,97.13586027431336,5.441582860881794,Monoclinic,6,"['Cu', 'S']",Cu-S,Cu,S,0.0,-0.261222214375,,,,,
mp-1225835,Cu2S,97.13586027431336,5.441582860881794,Monoclinic,6,"['Cu', 'S']",Cu-S,Cu,S,0.0,-0.261222214375,,,,,
mp-1225835,Cu2S,97.13586027431336,5.441582860881794,Monoclinic,6,"['Cu', 'S']",Cu-S,Cu,S,0.0,-0.154858304270833,,,,,
mp-1225835,Cu2S,97.13586027431336,5.441582860881794,Monoclinic,6,"['Cu', 'S']",Cu-S,Cu,S,0.0,-0.154858304270833,,,,,
mp-1225835,Cu2S,97.13586027431336,5.441582860881794,Monoclinic,6,"['Cu', 'S']",Cu-S,Cu,S,0.0,-0.154858304270833,,,,,
mp-1225835,Cu2S,97.13586027431336,5.441582860881794,Monoclinic,6,"['Cu', 'S']",Cu-S,Cu,S,0.0,-0.154858304270833,,,,,
mp-1225835,Cu2S,97.13586027431336,5.441582860881794,Monoclinic,6,"['Cu', 'S']",Cu-S,Cu,S,0.0,-0.154858304270833,,,,,
mp-1225835,Cu2S,97.13586027431336,5.441582860881794,Monoclinic,6,"['Cu', 'S']",Cu-S,Cu,S,0.0,-0.154858304270833,,,,,
mp-553942,Cu2S,83.88161311073563,6.301414730161676,Hexagonal,6,"['Cu', 'S']",Cu-S,Cu,S,0.0,-0.066748547708333,,,,,
mp-553942,Cu2S,83.88161311073563,6.301414730161676,Hexagonal,6,"['Cu', 'S']",Cu-S,Cu,S,0.0,-0.066748547708333,,,,,
mp-553942,Cu2S,83.88161311073563,6.301414730161676,Hexagonal,6,"['Cu', 'S']",Cu-S,Cu,S,0.0,0.026702616979167,,,,,
mp-553942,Cu2S,83.88161311073563,6.301414730161676,Hexagonal,6,"['Cu', 'S']",Cu-S,Cu,S,0.0,0.026702616979167,,,,,
mp-12087,Cu2S,42.80679427061594,6.173936187608224,Cubic,3,"['Cu', 'S']",Cu-S,Cu,S,0.0,-0.210940604375,,,,,
mp-12087,Cu2S,42.80679427061594,6.173936187608224,Cubic,3,"['Cu', 'S']",Cu-S,Cu,S,0.0,-0.210940604375,,,,,
mp-12087,Cu2S,42.80679427061594,6.173936187608224,Cubic,3,"['Cu', 'S']",Cu-S,Cu,S,0.0,-0.117489439687498,,,,,
mp-12087,Cu2S,42.80679427061594,6.173936187608224,Cubic,3,"['Cu', 'S']",Cu-S,Cu,S,0.0,-0.117489439687498,,,,,
mp-1225811,Cu2S,45.756707050710325,5.775905506704364,Orthorhombic,3,"['Cu', 'S']",Cu-S,Cu,S,0.160499999999999,-0.249380554375,,,,,
mp-1225811,Cu2S,45.756707050710325,5.775905506704364,Orthorhombic,3,"['Cu', 'S']",Cu-S,Cu,S,0.160499999999999,-0.249380554375,,,,,
mp-1225811,Cu2S,45.756707050710325,5.775905506704364,Orthorhombic,3,"['Cu', 'S']",Cu-S,Cu,S,0.160499999999999,-0.155929389687499,,,,,
mp-1225811,Cu2S,45.756707050710325,5.775905506704364,Orthorhombic,3,"['Cu', 'S']",Cu-S,Cu,S,0.160499999999999,-0.155929389687499,,,,,
mp-618991,Cu2S,174.49741373094642,6.058231135284408,Tetragonal,12,"['Cu', 'S']",Cu-S,Cu,S,0.1303,-0.257423641041667,,,,,
mp-618991,Cu2S,174.49741373094642,6.058231135284408,Tetragonal,12,"['Cu', 'S']",Cu-S,Cu,S,0.1303,-0.257423641041667,,,,,
mp-618991,Cu2S,174.49741373094642,6.058231135284408,Tetragonal,12,"['Cu', 'S']",Cu-S,Cu,S,0.1303,-0.257423641041667,,,,,
mp-618991,Cu2S,174.49741373094642,6.058231135284408,Tetragonal,12,"['Cu', 'S']",Cu-S,Cu,S,0.1303,-0.1922791834375,,,,,
mp-618991,Cu2S,174.49741373094642,6.058231135284408,Tetragonal,12,"['Cu', 'S']",Cu-S,Cu,S,0.1303,-0.1922791834375,,,,,
mp-618991,Cu2S,174.49741373094642,6.058231135284408,Tetragonal,12,"['Cu', 'S']",Cu-S,Cu,S,0.1303,-0.1922791834375,,,,,
mp-618991,Cu2S,174.49741373094642,6.058231135284408,Tetragonal,12,"['Cu', 'S']",Cu-S,Cu,S,0.1303,-0.1922791834375,,,,,
mp-618991,Cu2S,174.49741373094642,6.058231135284408,Tetragonal,12,"['Cu', 'S']",Cu-S,Cu,S,0.1303,-0.1922791834375,,,,,
mp-618991,Cu2S,174.49741373094642,6.058231135284408,Tetragonal,12,"['Cu', 'S']",Cu-S,Cu,S,0.1303,-0.1922791834375,,,,,
mp-1225731,Cu3S2,71.55261410879497,5.912463467460496,Tetragonal,5,"['Cu', 'S']",Cu-S,Cu,S,0.0,-0.2715711872499999,,,,,
mp-1225731,Cu3S2,71.55261410879497,5.912463467460496,Tetragonal,5,"['Cu', 'S']",Cu-S,Cu,S,0.0,-0.2715711872499999,,,,,
mp-1225731,Cu3S2,71.55261410879497,5.912463467460496,Tetragonal,5,"['Cu', 'S']",Cu-S,Cu,S,0.0,-0.152028229458332,,,,,
mp-1225731,Cu3S2,71.55261410879497,5.912463467460496,Tetragonal,5,"['Cu', 'S']",Cu-S,Cu,S,0.0,-0.152028229458332,,,,,
mp-624299,Cu7S4,665.4827778457887,5.7199078987181835,Orthorhombic,44,"['Cu', 'S']",Cu-S,Cu,S,0.0,-0.332950715,,,,,
mp-624299,Cu7S4,665.4827778457887,5.7199078987181835,Orthorhombic,44,"['Cu', 'S']",Cu-S,Cu,S,0.0,-0.332950715,,,,,
mp-624299,Cu7S4,665.4827778457887,5.7199078987181835,Orthorhombic,44,"['Cu', 'S']",Cu-S,Cu,S,0.0,-0.332950715,,,,,
mp-624299,Cu7S4,665.4827778457887,5.7199078987181835,Orthorhombic,44,"['Cu', 'S']",Cu-S,Cu,S,0.0,-0.231003989886363,,,,,
mp-624299,Cu7S4,665.4827778457887,5.7199078987181835,Orthorhombic,44,"['Cu', 'S']",Cu-S,Cu,S,0.0,-0.231003989886363,,,,,
mp-624299,Cu7S4,665.4827778457887,5.7199078987181835,Orthorhombic,44,"['Cu', 'S']",Cu-S,Cu,S,0.0,-0.231003989886363,,,,,
mp-624299,Cu7S4,665.4827778457887,5.7199078987181835,Orthorhombic,44,"['Cu', 'S']",Cu-S,Cu,S,0.0,-0.231003989886363,,,,,
mp-624299,Cu7S4,665.4827778457887,5.7199078987181835,Orthorhombic,44,"['Cu', 'S']",Cu-S,Cu,S,0.0,-0.231003989886363,,,,,
mp-624299,Cu7S4,665.4827778457887,5.7199078987181835,Orthorhombic,44,"['Cu', 'S']",Cu-S,Cu,S,0.0,-0.231003989886363,,,,,
mp-685108,Cu9S5,199.1363793041762,6.105923336744216,Triclinic,14,"['Cu', 'S']",Cu-S,Cu,S,0.0,-0.223633114687499,,,,,
mp-685108,Cu9S5,199.1363793041762,6.105923336744216,Triclinic,14,"['Cu', 'S']",Cu-S,Cu,S,0.0,-0.223633114687499,,,,,
mp-685108,Cu9S5,199.1363793041762,6.105923336744216,Triclinic,14,"['Cu', 'S']",Cu-S,Cu,S,0.0,-0.123506866808034,,,,,
mp-685108,Cu9S5,199.1363793041762,6.105923336744216,Triclinic,14,"['Cu', 'S']",Cu-S,Cu,S,0.0,-0.123506866808034,,,,,
mp-685056,Cu9S16,525.6389500164605,3.427463855955725,Trigonal,25,"['Cu', 'S']",Cu-S,Cu,S,0.0,0.142280182799999,,,,,
mp-685056,Cu9S16,525.6389500164605,3.427463855955725,Trigonal,25,"['Cu', 'S']",Cu-S,Cu,S,0.0,0.142280182799999,,,,,
mp-685056,Cu9S16,525.6389500164605,3.427463855955725,Trigonal,25,"['Cu', 'S']",Cu-S,Cu,S,0.0,0.377305244254167,,,,,
mp-685056,Cu9S16,525.6389500164605,3.427463855955725,Trigonal,25,"['Cu', 'S']",Cu-S,Cu,S,0.0,0.377305244254167,,,,,
mp-542333,Cu9S5,208.87335682228067,5.821285606199512,Trigonal,14,"['Cu', 'S']",Cu-S,Cu,S,0.0,-0.254794452544642,,,,,
mp-542333,Cu9S5,208.87335682228067,5.821285606199512,Trigonal,14,"['Cu', 'S']",Cu-S,Cu,S,0.0,-0.254794452544642,,,,,
mp-542333,Cu9S5,208.87335682228067,5.821285606199512,Trigonal,14,"['Cu', 'S']",Cu-S,Cu,S,0.0,-0.154668204665177,,,,,
mp-542333,Cu9S5,208.87335682228067,5.821285606199512,Trigonal,14,"['Cu', 'S']",Cu-S,Cu,S,0.0,-0.154668204665177,,,,,
mp-684710,Cu9S5,415.3199490912191,5.8553000800886625,Triclinic,28,"['Cu', 'S']",Cu-S,Cu,S,0.0,-0.277335415401785,,,,,
mp-684710,Cu9S5,415.3199490912191,5.8553000800886625,Triclinic,28,"['Cu', 'S']",Cu-S,Cu,S,0.0,-0.277335415401785,,,,,
mp-684710,Cu9S5,415.3199490912191,5.8553000800886625,Triclinic,28,"['Cu', 'S']",Cu-S,Cu,S,0.0,-0.17720916752232,,,,,
mp-684710,Cu9S5,415.3199490912191,5.8553000800886625,Triclinic,28,"['Cu', 'S']",Cu-S,Cu,S,0.0,-0.17720916752232,,,,,
mp-684964,Cu11S20,653.167532014538,3.407441988633388,Trigonal,31,"['Cu', 'S']",Cu-S,Cu,S,0.0,-0.153264791048386,,,,,
mp-684964,Cu11S20,653.167532014538,3.407441988633388,Trigonal,31,"['Cu', 'S']",Cu-S,Cu,S,0.0,-0.153264791048386,,,,,
mp-684964,Cu11S20,653.167532014538,3.407441988633388,Trigonal,31,"['Cu', 'S']",Cu-S,Cu,S,0.0,0.084233725292339,,,,,
mp-684964,Cu11S20,653.167532014538,3.407441988633388,Trigonal,31,"['Cu', 'S']",Cu-S,Cu,S,0.0,0.084233725292339,,,,,
mp-675278,Cu11S16,488.9813981054379,4.116004701435043,Monoclinic,27,"['Cu', 'S']",Cu-S,Cu,S,0.0,-0.200992684444444,,,,,
mp-675278,Cu11S16,488.9813981054379,4.116004701435043,Monoclinic,27,"['Cu', 'S']",Cu-S,Cu,S,0.0,-0.200992684444444,,,,,
mp-675278,Cu11S16,488.9813981054379,4.116004701435043,Monoclinic,27,"['Cu', 'S']",Cu-S,Cu,S,0.0,0.011313235829475,,,,,
mp-675278,Cu11S16,488.9813981054379,4.116004701435043,Monoclinic,27,"['Cu', 'S']",Cu-S,Cu,S,0.0,0.011313235829475,,,,,
mp-684898,Cu18S11,450.9666061676641,5.510536883129754,Triclinic,29,"['Cu', 'S']",Cu-S,Cu,S,0.0,-0.26790002325431,,,,,
mp-684898,Cu18S11,450.9666061676641,5.510536883129754,Triclinic,29,"['Cu', 'S']",Cu-S,Cu,S,0.0,-0.26790002325431,,,,,
mp-684898,Cu18S11,450.9666061676641,5.510536883129754,Triclinic,29,"['Cu', 'S']",Cu-S,Cu,S,0.0,-0.158368715089797,,,,,
mp-684898,Cu18S11,450.9666061676641,5.510536883129754,Triclinic,29,"['Cu', 'S']",Cu-S,Cu,S,0.0,-0.158368715089797,,,,,
mp-685126,Cu39S20,856.6182936614005,6.047276537592325,Monoclinic,59,"['Cu', 'S']",Cu-S,Cu,S,0.0,-0.15281253427966,,,,,
mp-685126,Cu39S20,856.6182936614005,6.047276537592325,Monoclinic,59,"['Cu', 'S']",Cu-S,Cu,S,0.0,-0.15281253427966,,,,,
mp-685126,Cu39S20,856.6182936614005,6.047276537592325,Monoclinic,59,"['Cu', 'S']",Cu-S,Cu,S,0.0,-0.057777451546608,,,,,
mp-685126,Cu39S20,856.6182936614005,6.047276537592325,Monoclinic,59,"['Cu', 'S']",Cu-S,Cu,S,0.0,-0.057777451546608,,,,,
mp-580226,CuSe,77.48253878313065,6.108131817601714,Tetragonal,4,"['Cu', 'Se']",Cu-Se,Cu,Se,0.0,-0.315017146171875,,,,,
mp-580226,CuSe,77.48253878313065,6.108131817601714,Tetragonal,4,"['Cu', 'Se']",Cu-Se,Cu,Se,0.0,-0.315017146171875,,,,,
mp-580226,CuSe,77.48253878313065,6.108131817601714,Tetragonal,4,"['Cu', 'Se']",Cu-Se,Cu,Se,0.0,-0.315017146171875,,,,,
mp-580226,CuSe,77.48253878313065,6.108131817601714,Tetragonal,4,"['Cu', 'Se']",Cu-Se,Cu,Se,0.0,-0.131382814531249,,,,,
mp-580226,CuSe,77.48253878313065,6.108131817601714,Tetragonal,4,"['Cu', 'Se']",Cu-Se,Cu,Se,0.0,-0.131382814531249,,,,,
mp-580226,CuSe,77.48253878313065,6.108131817601714,Tetragonal,4,"['Cu', 'Se']",Cu-Se,Cu,Se,0.0,-0.131382814531249,,,,,
mp-580226,CuSe,77.48253878313065,6.108131817601714,Tetragonal,4,"['Cu', 'Se']",Cu-Se,Cu,Se,0.0,-0.131382814531249,,,,,
mp-580226,CuSe,77.48253878313065,6.108131817601714,Tetragonal,4,"['Cu', 'Se']",Cu-Se,Cu,Se,0.0,-0.131382814531249,,,,,
mp-580226,CuSe,77.48253878313065,6.108131817601714,Tetragonal,4,"['Cu', 'Se']",Cu-Se,Cu,Se,0.0,-0.131382814531249,,,,,
mp-1097707,Cu2Se,2456.9320434532096,6.684578452144643,Monoclinic,144,"['Cu', 'Se']",Cu-Se,Cu,Se,0.051899999999999,-0.185675284739583,,,,,
mp-1097707,Cu2Se,2456.9320434532096,6.684578452144643,Monoclinic,144,"['Cu', 'Se']",Cu-Se,Cu,Se,0.051899999999999,-0.185675284739583,,,,,
mp-1097707,Cu2Se,2456.9320434532096,6.684578452144643,Monoclinic,144,"['Cu', 'Se']",Cu-Se,Cu,Se,0.051899999999999,-0.075607576145832,,,,,
mp-1097707,Cu2Se,2456.9320434532096,6.684578452144643,Monoclinic,144,"['Cu', 'Se']",Cu-Se,Cu,Se,0.051899999999999,-0.075607576145832,,,,,
mp-488,CuSe,244.8058110685361,5.799783408539689,Hexagonal,12,"['Cu', 'Se']",Cu-Se,Cu,Se,0.0,-0.358628405338542,,,,,
mp-488,CuSe,244.8058110685361,5.799783408539689,Hexagonal,12,"['Cu', 'Se']",Cu-Se,Cu,Se,0.0,-0.358628405338542,,,,,
mp-488,CuSe,244.8058110685361,5.799783408539689,Hexagonal,12,"['Cu', 'Se']",Cu-Se,Cu,Se,0.0,-0.18448107953125,,,,,
mp-488,CuSe,244.8058110685361,5.799783408539689,Hexagonal,12,"['Cu', 'Se']",Cu-Se,Cu,Se,0.0,-0.18448107953125,,,,,
mp-568998,CuSe,233.79914486770332,6.072822388434362,Hexagonal,12,"['Cu', 'Se']",Cu-Se,Cu,Se,0.0,-0.141590305338541,,,,,
mp-568998,CuSe,233.79914486770332,6.072822388434362,Hexagonal,12,"['Cu', 'Se']",Cu-Se,Cu,Se,0.0,-0.141590305338541,,,,,
mp-568998,CuSe,233.79914486770332,6.072822388434362,Hexagonal,12,"['Cu', 'Se']",Cu-Se,Cu,Se,0.0,0.032557020468748,,,,,
mp-568998,CuSe,233.79914486770332,6.072822388434362,Hexagonal,12,"['Cu', 'Se']",Cu-Se,Cu,Se,0.0,0.032557020468748,,,,,
mp-582060,CuSe,236.63423555440903,6.000064521614582,Hexagonal,12,"['Cu', 'Se']",Cu-Se,Cu,Se,0.0,-0.132664800338541,,,,,
mp-582060,CuSe,236.63423555440903,6.000064521614582,Hexagonal,12,"['Cu', 'Se']",Cu-Se,Cu,Se,0.0,-0.132664800338541,,,,,
mp-582060,CuSe,236.63423555440903,6.000064521614582,Hexagonal,12,"['Cu', 'Se']",Cu-Se,Cu,Se,0.0,0.041482525468749,,,,,
mp-582060,CuSe,236.63423555440903,6.000064521614582,Hexagonal,12,"['Cu', 'Se']",Cu-Se,Cu,Se,0.0,0.041482525468749,,,,,
mp-22297,Cu2Se,48.38873202034142,7.071013879992322,Cubic,3,"['Cu', 'Se']",Cu-Se,Cu,Se,0.0,-0.118925594114582,,,,,
mp-22297,Cu2Se,48.38873202034142,7.071013879992322,Cubic,3,"['Cu', 'Se']",Cu-Se,Cu,Se,0.0,-0.118925594114582,,,,,
mp-22297,Cu2Se,48.38873202034142,7.071013879992322,Cubic,3,"['Cu', 'Se']",Cu-Se,Cu,Se,0.0,-0.008857885520832,,,,,
mp-22297,Cu2Se,48.38873202034142,7.071013879992322,Cubic,3,"['Cu', 'Se']",Cu-Se,Cu,Se,0.0,-0.008857885520832,,,,,
mp-16366,Cu2Se,48.82893185666389,7.007267673916308,Cubic,3,"['Cu', 'Se']",Cu-Se,Cu,Se,0.0,-0.135225884114583,,,,,
mp-16366,Cu2Se,48.82893185666389,7.007267673916308,Cubic,3,"['Cu', 'Se']",Cu-Se,Cu,Se,0.0,-0.135225884114583,,,,,
mp-16366,Cu2Se,48.82893185666389,7.007267673916308,Cubic,3,"['Cu', 'Se']",Cu-Se,Cu,Se,0.0,-0.025158175520833,,,,,
mp-16366,Cu2Se,48.82893185666389,7.007267673916308,Cubic,3,"['Cu', 'Se']",Cu-Se,Cu,Se,0.0,-0.025158175520833,,,,,
mp-684653,Cu2Se,101.3205681153824,6.7539573082815565,Orthorhombic,6,"['Cu', 'Se']",Cu-Se,Cu,Se,0.0,-0.136612839114582,,,,,
mp-684653,Cu2Se,101.3205681153824,6.7539573082815565,Orthorhombic,6,"['Cu', 'Se']",Cu-Se,Cu,Se,0.0,-0.136612839114582,,,,,
mp-684653,Cu2Se,101.3205681153824,6.7539573082815565,Orthorhombic,6,"['Cu', 'Se']",Cu-Se,Cu,Se,0.0,-0.026545130520832,,,,,
mp-684653,Cu2Se,101.3205681153824,6.7539573082815565,Orthorhombic,6,"['Cu', 'Se']",Cu-Se,Cu,Se,0.0,-0.026545130520832,,,,,
mp-1225805,Cu2Se,51.80348571215339,6.604910674394852,Orthorhombic,3,"['Cu', 'Se']",Cu-Se,Cu,Se,0.0,-0.150081814114583,,,,,
mp-1225805,Cu2Se,51.80348571215339,6.604910674394852,Orthorhombic,3,"['Cu', 'Se']",Cu-Se,Cu,Se,0.0,-0.150081814114583,,,,,
mp-1225805,Cu2Se,51.80348571215339,6.604910674394852,Orthorhombic,3,"['Cu', 'Se']",Cu-Se,Cu,Se,0.0,-0.040014105520834,,,,,
mp-1225805,Cu2Se,51.80348571215339,6.604910674394852,Orthorhombic,3,"['Cu', 'Se']",Cu-Se,Cu,Se,0.0,-0.040014105520834,,,,,
mp-571486,CuSe,234.94426390177057,6.043223434231278,Orthorhombic,12,"['Cu', 'Se']",Cu-Se,Cu,Se,0.0,-0.359373392838541,,,,,
mp-571486,CuSe,234.94426390177057,6.043223434231278,Orthorhombic,12,"['Cu', 'Se']",Cu-Se,Cu,Se,0.0,-0.359373392838541,,,,,
mp-571486,CuSe,234.94426390177057,6.043223434231278,Orthorhombic,12,"['Cu', 'Se']",Cu-Se,Cu,Se,0.0,-0.359373392838541,,,,,
mp-571486,CuSe,234.94426390177057,6.043223434231278,Orthorhombic,12,"['Cu', 'Se']",Cu-Se,Cu,Se,0.0,-0.185226067031249,,,,,
mp-571486,CuSe,234.94426390177057,6.043223434231278,Orthorhombic,12,"['Cu', 'Se']",Cu-Se,Cu,Se,0.0,-0.185226067031249,,,,,
mp-571486,CuSe,234.94426390177057,6.043223434231278,Orthorhombic,12,"['Cu', 'Se']",Cu-Se,Cu,Se,0.0,-0.185226067031249,,,,,
mp-571486,CuSe,234.94426390177057,6.043223434231278,Orthorhombic,12,"['Cu', 'Se']",Cu-Se,Cu,Se,0.0,-0.185226067031249,,,,,
mp-571486,CuSe,234.94426390177057,6.043223434231278,Orthorhombic,12,"['Cu', 'Se']",Cu-Se,Cu,Se,0.0,-0.185226067031249,,,,,
mp-571486,CuSe,234.94426390177057,6.043223434231278,Orthorhombic,12,"['Cu', 'Se']",Cu-Se,Cu,Se,0.0,-0.185226067031249,,,,,
mp-684525,Cu2Se,205.1454176227357,6.671509404714928,Monoclinic,12,"['Cu', 'Se']",Cu-Se,Cu,Se,0.0,-0.143536900781249,,,,,
mp-684525,Cu2Se,205.1454176227357,6.671509404714928,Monoclinic,12,"['Cu', 'Se']",Cu-Se,Cu,Se,0.0,-0.143536900781249,,,,,
mp-684525,Cu2Se,205.1454176227357,6.671509404714928,Monoclinic,12,"['Cu', 'Se']",Cu-Se,Cu,Se,0.0,-0.033469192187501,,,,,
mp-684525,Cu2Se,205.1454176227357,6.671509404714928,Monoclinic,12,"['Cu', 'Se']",Cu-Se,Cu,Se,0.0,-0.033469192187501,,,,,
mp-1021499,Cu2Se,206.3949282927653,6.631120223375309,Tetragonal,12,"['Cu', 'Se']",Cu-Se,Cu,Se,0.0,-0.156618475781249,,,,,
mp-1021499,Cu2Se,206.3949282927653,6.631120223375309,Tetragonal,12,"['Cu', 'Se']",Cu-Se,Cu,Se,0.0,-0.156618475781249,,,,,
mp-1021499,Cu2Se,206.3949282927653,6.631120223375309,Tetragonal,12,"['Cu', 'Se']",Cu-Se,Cu,Se,0.0,-0.046550767187499,,,,,
mp-1021499,Cu2Se,206.3949282927653,6.631120223375309,Tetragonal,12,"['Cu', 'Se']",Cu-Se,Cu,Se,0.0,-0.046550767187499,,,,,
mp-20683,Cu3Se2,172.7420110289248,6.701255502681932,Tetragonal,10,"['Cu', 'Se']",Cu-Se,Cu,Se,0.0,-0.3219708659375,,,,,
mp-20683,Cu3Se2,172.7420110289248,6.701255502681932,Tetragonal,10,"['Cu', 'Se']",Cu-Se,Cu,Se,0.0,-0.3219708659375,,,,,
mp-20683,Cu3Se2,172.7420110289248,6.701255502681932,Tetragonal,10,"['Cu', 'Se']",Cu-Se,Cu,Se,0.0,-0.3219708659375,,,,,
mp-20683,Cu3Se2,172.7420110289248,6.701255502681932,Tetragonal,10,"['Cu', 'Se']",Cu-Se,Cu,Se,0.0,-0.189889615625,,,,,
mp-20683,Cu3Se2,172.7420110289248,6.701255502681932,Tetragonal,10,"['Cu', 'Se']",Cu-Se,Cu,Se,0.0,-0.189889615625,,,,,
mp-20683,Cu3Se2,172.7420110289248,6.701255502681932,Tetragonal,10,"['Cu', 'Se']",Cu-Se,Cu,Se,0.0,-0.189889615625,,,,,
mp-20683,Cu3Se2,172.7420110289248,6.701255502681932,Tetragonal,10,"['Cu', 'Se']",Cu-Se,Cu,Se,0.0,-0.189889615625,,,,,
mp-20683,Cu3Se2,172.7420110289248,6.701255502681932,Tetragonal,10,"['Cu', 'Se']",Cu-Se,Cu,Se,0.0,-0.189889615625,,,,,
mp-20683,Cu3Se2,172.7420110289248,6.701255502681932,Tetragonal,10,"['Cu', 'Se']",Cu-Se,Cu,Se,0.0,-0.189889615625,,,,,
mp-2280,CuSe2,230.83372747961255,6.372603326888022,Cubic,12,"['Cu', 'Se']",Cu-Se,Cu,Se,0.0,-0.393811440729166,,,,,
mp-2280,CuSe2,230.83372747961255,6.372603326888022,Cubic,12,"['Cu', 'Se']",Cu-Se,Cu,Se,0.0,-0.393811440729166,,,,,
mp-2280,CuSe2,230.83372747961255,6.372603326888022,Cubic,12,"['Cu', 'Se']",Cu-Se,Cu,Se,0.0,-0.393811440729166,,,,,
mp-2280,CuSe2,230.83372747961255,6.372603326888022,Cubic,12,"['Cu', 'Se']",Cu-Se,Cu,Se,0.0,-0.127358577708333,,,,,
mp-2280,CuSe2,230.83372747961255,6.372603326888022,Cubic,12,"['Cu', 'Se']",Cu-Se,Cu,Se,0.0,-0.127358577708333,,,,,
mp-2280,CuSe2,230.83372747961255,6.372603326888022,Cubic,12,"['Cu', 'Se']",Cu-Se,Cu,Se,0.0,-0.127358577708333,,,,,
mp-2280,CuSe2,230.83372747961255,6.372603326888022,Cubic,12,"['Cu', 'Se']",Cu-Se,Cu,Se,0.0,-0.127358577708333,,,,,
mp-2280,CuSe2,230.83372747961255,6.372603326888022,Cubic,12,"['Cu', 'Se']",Cu-Se,Cu,Se,0.0,-0.127358577708333,,,,,
mp-2280,CuSe2,230.83372747961255,6.372603326888022,Cubic,12,"['Cu', 'Se']",Cu-Se,Cu,Se,0.0,-0.127358577708333,,,,,
mp-2000,CuSe2,117.14053904044698,6.278833065582114,Orthorhombic,6,"['Cu', 'Se']",Cu-Se,Cu,Se,0.0,-0.397911028229166,,,,,
mp-2000,CuSe2,117.14053904044698,6.278833065582114,Orthorhombic,6,"['Cu', 'Se']",Cu-Se,Cu,Se,0.0,-0.397911028229166,,,,,
mp-2000,CuSe2,117.14053904044698,6.278833065582114,Orthorhombic,6,"['Cu', 'Se']",Cu-Se,Cu,Se,0.0,-0.397911028229166,,,,,
mp-2000,CuSe2,117.14053904044698,6.278833065582114,Orthorhombic,6,"['Cu', 'Se']",Cu-Se,Cu,Se,0.0,-0.133860659375,,,,,
mp-2000,CuSe2,117.14053904044698,6.278833065582114,Orthorhombic,6,"['Cu', 'Se']",Cu-Se,Cu,Se,0.0,-0.133860659375,,,,,
mp-2000,CuSe2,117.14053904044698,6.278833065582114,Orthorhombic,6,"['Cu', 'Se']",Cu-Se,Cu,Se,0.0,-0.133860659375,,,,,
mp-2000,CuSe2,117.14053904044698,6.278833065582114,Orthorhombic,6,"['Cu', 'Se']",Cu-Se,Cu,Se,0.0,-0.133860659375,,,,,
mp-2000,CuSe2,117.14053904044698,6.278833065582114,Orthorhombic,6,"['Cu', 'Se']",Cu-Se,Cu,Se,0.0,-0.133860659375,,,,,
mp-2000,CuSe2,117.14053904044698,6.278833065582114,Orthorhombic,6,"['Cu', 'Se']",Cu-Se,Cu,Se,0.0,-0.133860659375,,,,,
mp-1225796,Cu4Se3,118.87121006798851,6.8597851046899905,Trigonal,7,"['Cu', 'Se']",Cu-Se,Cu,Se,0.0,-0.231068422433035,,,,,
mp-1225796,Cu4Se3,118.87121006798851,6.8597851046899905,Trigonal,7,"['Cu', 'Se']",Cu-Se,Cu,Se,0.0,-0.231068422433035,,,,,
mp-1225796,Cu4Se3,118.87121006798851,6.8597851046899905,Trigonal,7,"['Cu', 'Se']",Cu-Se,Cu,Se,0.0,-0.086968293407736,,,,,
mp-1225796,Cu4Se3,118.87121006798851,6.8597851046899905,Trigonal,7,"['Cu', 'Se']",Cu-Se,Cu,Se,0.0,-0.086968293407736,,,,,
mp-685107,Cu9Se5,245.94277306411823,6.526991394094158,Triclinic,14,"['Cu', 'Se']",Cu-Se,Cu,Se,0.0,-0.19283709797991,,,,,
mp-685107,Cu9Se5,245.94277306411823,6.526991394094158,Triclinic,14,"['Cu', 'Se']",Cu-Se,Cu,Se,0.0,-0.19283709797991,,,,,
mp-685107,Cu9Se5,245.94277306411823,6.526991394094158,Triclinic,14,"['Cu', 'Se']",Cu-Se,Cu,Se,0.0,-0.074907410200893,,,,,
mp-685107,Cu9Se5,245.94277306411823,6.526991394094158,Triclinic,14,"['Cu', 'Se']",Cu-Se,Cu,Se,0.0,-0.074907410200893,,,,,
mp-673655,Cu9Se5,472.7466066777017,6.791233783825142,Triclinic,28,"['Cu', 'Se']",Cu-Se,Cu,Se,0.0,-0.206920973694196,,,,,
mp-673655,Cu9Se5,472.7466066777017,6.791233783825142,Triclinic,28,"['Cu', 'Se']",Cu-Se,Cu,Se,0.0,-0.206920973694196,,,,,
mp-673655,Cu9Se5,472.7466066777017,6.791233783825142,Triclinic,28,"['Cu', 'Se']",Cu-Se,Cu,Se,0.0,-0.088991285915178,,,,,
mp-673655,Cu9Se5,472.7466066777017,6.791233783825142,Triclinic,28,"['Cu', 'Se']",Cu-Se,Cu,Se,0.0,-0.088991285915178,,,,,
mp-1173070,Cu9Se5,249.31885361172357,6.438607991231629,Monoclinic,14,"['Cu', 'Se']",Cu-Se,Cu,Se,0.0,-0.195465191551339,,,,,
mp-1173070,Cu9Se5,249.31885361172357,6.438607991231629,Monoclinic,14,"['Cu', 'Se']",Cu-Se,Cu,Se,0.0,-0.195465191551339,,,,,
mp-1173070,Cu9Se5,249.31885361172357,6.438607991231629,Monoclinic,14,"['Cu', 'Se']",Cu-Se,Cu,Se,0.0,-0.07753550377232,,,,,
mp-1173070,Cu9Se5,249.31885361172357,6.438607991231629,Monoclinic,14,"['Cu', 'Se']",Cu-Se,Cu,Se,0.0,-0.07753550377232,,,,,
mp-673255,Cu9Se8,329.35176318793947,6.068329004769535,Triclinic,17,"['Cu', 'Se']",Cu-Se,Cu,Se,0.0,-0.337303226985293,,,,,
mp-673255,Cu9Se8,329.35176318793947,6.068329004769535,Triclinic,17,"['Cu', 'Se']",Cu-Se,Cu,Se,0.0,-0.337303226985293,,,,,
mp-673255,Cu9Se8,329.35176318793947,6.068329004769535,Triclinic,17,"['Cu', 'Se']",Cu-Se,Cu,Se,0.0,-0.175528276323532,,,,,
mp-673255,Cu9Se8,329.35176318793947,6.068329004769535,Triclinic,17,"['Cu', 'Se']",Cu-Se,Cu,Se,0.0,-0.175528276323532,,,,,
mp-936248,Cu9Se8,343.9886154552156,5.8101191944405,Triclinic,17,"['Cu', 'Se']",Cu-Se,Cu,Se,0.0,-0.190062252867646,,,,,
mp-936248,Cu9Se8,343.9886154552156,5.8101191944405,Triclinic,17,"['Cu', 'Se']",Cu-Se,Cu,Se,0.0,-0.190062252867646,,,,,
mp-936248,Cu9Se8,343.9886154552156,5.8101191944405,Triclinic,17,"['Cu', 'Se']",Cu-Se,Cu,Se,0.0,-0.028287302205883,,,,,
mp-936248,Cu9Se8,343.9886154552156,5.8101191944405,Triclinic,17,"['Cu', 'Se']",Cu-Se,Cu,Se,0.0,-0.028287302205883,,,,,
mp-32857,Cu13Se8,375.2905423662246,6.450195371744258,Cubic,21,"['Cu', 'Se']",Cu-Se,Cu,Se,0.0,-0.230158036607143,,,,,
mp-32857,Cu13Se8,375.2905423662246,6.450195371744258,Cubic,21,"['Cu', 'Se']",Cu-Se,Cu,Se,0.0,-0.230158036607143,,,,,
mp-32857,Cu13Se8,375.2905423662246,6.450195371744258,Cubic,21,"['Cu', 'Se']",Cu-Se,Cu,Se,0.0,-0.104366369642859,,,,,
mp-32857,Cu13Se8,375.2905423662246,6.450195371744258,Cubic,21,"['Cu', 'Se']",Cu-Se,Cu,Se,0.0,-0.104366369642859,,,,,
mp-684605,Cu17Se10,475.6864729293306,6.527434113926192,Monoclinic,27,"['Cu', 'Se']",Cu-Se,Cu,Se,0.0,-0.193720607534722,,,,,
mp-684605,Cu17Se10,475.6864729293306,6.527434113926192,Monoclinic,27,"['Cu', 'Se']",Cu-Se,Cu,Se,0.0,-0.193720607534722,,,,,
mp-684605,Cu17Se10,475.6864729293306,6.527434113926192,Monoclinic,27,"['Cu', 'Se']",Cu-Se,Cu,Se,0.0,-0.071423153541664,,,,,
mp-684605,Cu17Se10,475.6864729293306,6.527434113926192,Monoclinic,27,"['Cu', 'Se']",Cu-Se,Cu,Se,0.0,-0.071423153541664,,,,,
mp-684970,Cu19Se11,522.0660589226177,6.6029374018243825,Triclinic,30,"['Cu', 'Se']",Cu-Se,Cu,Se,0.0,-0.181817300526041,,,,,
mp-684970,Cu19Se11,522.0660589226177,6.6029374018243825,Triclinic,30,"['Cu', 'Se']",Cu-Se,Cu,Se,0.0,-0.181817300526041,,,,,
mp-684970,Cu19Se11,522.0660589226177,6.6029374018243825,Triclinic,30,"['Cu', 'Se']",Cu-Se,Cu,Se,0.0,-0.060742821072915,,,,,
mp-684970,Cu19Se11,522.0660589226177,6.6029374018243825,Triclinic,30,"['Cu', 'Se']",Cu-Se,Cu,Se,0.0,-0.060742821072915,,,,,
mp-685189,Cu29Se19,884.1777288779734,6.278494468051536,Trigonal,48,"['Cu', 'Se']",Cu-Se,Cu,Se,0.0,-0.223559885302734,,,,,
mp-685189,Cu29Se19,884.1777288779734,6.278494468051536,Trigonal,48,"['Cu', 'Se']",Cu-Se,Cu,Se,0.0,-0.223559885302734,,,,,
mp-685189,Cu29Se19,884.1777288779734,6.278494468051536,Trigonal,48,"['Cu', 'Se']",Cu-Se,Cu,Se,0.0,-0.092854481347655,,,,,
mp-685189,Cu29Se19,884.1777288779734,6.278494468051536,Trigonal,48,"['Cu', 'Se']",Cu-Se,Cu,Se,0.0,-0.092854481347655,,,,,
mp-684606,Cu27Se20,909.8304848526616,6.01362561957591,Trigonal,47,"['Cu', 'Se']",Cu-Se,Cu,Se,0.0,-0.276623448018617,,,,,
mp-684606,Cu27Se20,909.8304848526616,6.01362561957591,Trigonal,47,"['Cu', 'Se']",Cu-Se,Cu,Se,0.0,-0.276623448018617,,,,,
mp-684606,Cu27Se20,909.8304848526616,6.01362561957591,Trigonal,47,"['Cu', 'Se']",Cu-Se,Cu,Se,0.0,-0.133801923111701,,,,,
mp-684606,Cu27Se20,909.8304848526616,6.01362561957591,Trigonal,47,"['Cu', 'Se']",Cu-Se,Cu,Se,0.0,-0.133801923111701,,,,,
mp-684923,Cu25Se26,3122.0703242216696,5.810601660770162,Monoclinic,153,"['Cu', 'Se']",Cu-Se,Cu,Se,0.0,-0.360283187207924,,,,,
mp-684923,Cu25Se26,3122.0703242216696,5.810601660770162,Monoclinic,153,"['Cu', 'Se']",Cu-Se,Cu,Se,0.0,-0.360283187207924,,,,,
mp-684923,Cu25Se26,3122.0703242216696,5.810601660770162,Monoclinic,153,"['Cu', 'Se']",Cu-Se,Cu,Se,0.0,-0.180847447103757,,,,,
mp-684923,Cu25Se26,3122.0703242216696,5.810601660770162,Monoclinic,153,"['Cu', 'Se']",Cu-Se,Cu,Se,0.0,-0.180847447103757,,,,,
mp-1978391,CuTe,41.475826609632946,7.65278058016099,Tetragonal,2,"['Cu', 'Te']",Cu-Te,Cu,Te,0.0,-0.165945898333333,,,,,
mp-1978391,CuTe,41.475826609632946,7.65278058016099,Tetragonal,2,"['Cu', 'Te']",Cu-Te,Cu,Te,0.0,-0.165945898333333,,,,,
mp-1978391,CuTe,41.475826609632946,7.65278058016099,Tetragonal,2,"['Cu', 'Te']",Cu-Te,Cu,Te,0.0,0.026828514999998,,,,,
mp-1978391,CuTe,41.475826609632946,7.65278058016099,Tetragonal,2,"['Cu', 'Te']",Cu-Te,Cu,Te,0.0,0.026828514999998,,,,,
mp-1861,Cu2Te,136.73976795623284,6.185852473961427,Hexagonal,6,"['Cu', 'Te']",Cu-Te,Cu,Te,0.0,-0.046860447222221,,,,,
mp-1861,Cu2Te,136.73976795623284,6.185852473961427,Hexagonal,6,"['Cu', 'Te']",Cu-Te,Cu,Te,0.0,-0.046860447222221,,,,,
mp-1861,Cu2Te,136.73976795623284,6.185852473961427,Hexagonal,6,"['Cu', 'Te']",Cu-Te,Cu,Te,0.0,0.081655828333334,,,,,
mp-1861,Cu2Te,136.73976795623284,6.185852473961427,Hexagonal,6,"['Cu', 'Te']",Cu-Te,Cu,Te,0.0,0.081655828333334,,,,,
mp-1183984,Cu3Te,61.473763563398585,8.596295408717864,Cubic,4,"['Cu', 'Te']",Cu-Te,Cu,Te,0.0,0.041480073333333,,,,,
mp-1183984,Cu3Te,61.473763563398585,8.596295408717864,Cubic,4,"['Cu', 'Te']",Cu-Te,Cu,Te,0.0,0.041480073333333,,,,,
mp-1183984,Cu3Te,61.473763563398585,8.596295408717864,Cubic,4,"['Cu', 'Te']",Cu-Te,Cu,Te,0.0,0.137867280000001,,,,,
mp-1183984,Cu3Te,61.473763563398585,8.596295408717864,Cubic,4,"['Cu', 'Te']",Cu-Te,Cu,Te,0.0,0.137867280000001,,,,,
mp-1181516,CuTe,367.2018289079767,1.728778973504881,Orthorhombic,4,"['Cu', 'Te']",Cu-Te,Cu,Te,0.0,0.533576026666666,,,,,
mp-1181516,CuTe,367.2018289079767,1.728778973504881,Orthorhombic,4,"['Cu', 'Te']",Cu-Te,Cu,Te,0.0,0.533576026666666,,,,,
mp-1181516,CuTe,367.2018289079767,1.728778973504881,Orthorhombic,4,"['Cu', 'Te']",Cu-Te,Cu,Te,0.0,0.72635044,,,,,
mp-1181516,CuTe,367.2018289079767,1.728778973504881,Orthorhombic,4,"['Cu', 'Te']",Cu-Te,Cu,Te,0.0,0.72635044,,,,,
mp-1238498,CuTe,82.95163681214551,7.652782093815177,Orthorhombic,4,"['Cu', 'Te']",Cu-Te,Cu,Te,0.0,-0.164560408333333,,,,,
mp-1238498,CuTe,82.95163681214551,7.652782093815177,Orthorhombic,4,"['Cu', 'Te']",Cu-Te,Cu,Te,0.0,-0.164560408333333,,,,,
mp-1238498,CuTe,82.95163681214551,7.652782093815177,Orthorhombic,4,"['Cu', 'Te']",Cu-Te,Cu,Te,0.0,0.028214004999998,,,,,
mp-1238498,CuTe,82.95163681214551,7.652782093815177,Orthorhombic,4,"['Cu', 'Te']",Cu-Te,Cu,Te,0.0,0.028214004999998,,,,,
mp-20826,CuTe,94.67133081146628,6.705417526165807,Orthorhombic,4,"['Cu', 'Te']",Cu-Te,Cu,Te,0.0,-0.276979040833333,,,,,
mp-20826,CuTe,94.67133081146628,6.705417526165807,Orthorhombic,4,"['Cu', 'Te']",Cu-Te,Cu,Te,0.0,-0.276979040833333,,,,,
mp-20826,CuTe,94.67133081146628,6.705417526165807,Orthorhombic,4,"['Cu', 'Te']",Cu-Te,Cu,Te,0.0,-0.276979040833333,,,,,
mp-20826,CuTe,94.67133081146628,6.705417526165807,Orthorhombic,4,"['Cu', 'Te']",Cu-Te,Cu,Te,0.0,-0.0842046275,,,,,
mp-20826,CuTe,94.67133081146628,6.705417526165807,Orthorhombic,4,"['Cu', 'Te']",Cu-Te,Cu,Te,0.0,-0.0842046275,,,,,
mp-20826,CuTe,94.67133081146628,6.705417526165807,Orthorhombic,4,"['Cu', 'Te']",Cu-Te,Cu,Te,0.0,-0.0842046275,,,,,
mp-20826,CuTe,94.67133081146628,6.705417526165807,Orthorhombic,4,"['Cu', 'Te']",Cu-Te,Cu,Te,0.0,-0.0842046275,,,,,
mp-20826,CuTe,94.67133081146628,6.705417526165807,Orthorhombic,4,"['Cu', 'Te']",Cu-Te,Cu,Te,0.0,-0.0842046275,,,,,
mp-20826,CuTe,94.67133081146628,6.705417526165807,Orthorhombic,4,"['Cu', 'Te']",Cu-Te,Cu,Te,0.0,-0.0842046275,,,,,
mp-623012,CuTe,82.18235577791044,7.72441717981606,Orthorhombic,4,"['Cu', 'Te']",Cu-Te,Cu,Te,0.0,-0.175755268333333,,,,,
mp-623012,CuTe,82.18235577791044,7.72441717981606,Orthorhombic,4,"['Cu', 'Te']",Cu-Te,Cu,Te,0.0,-0.175755268333333,,,,,
mp-623012,CuTe,82.18235577791044,7.72441717981606,Orthorhombic,4,"['Cu', 'Te']",Cu-Te,Cu,Te,0.0,0.017019144999999,,,,,
mp-623012,CuTe,82.18235577791044,7.72441717981606,Orthorhombic,4,"['Cu', 'Te']",Cu-Te,Cu,Te,0.0,0.017019144999999,,,,,
mp-1207193,CuTe2,70.78099504329904,7.477857368333115,Trigonal,3,"['Cu', 'Te']",Cu-Te,Cu,Te,0.0,-0.282120174444443,,,,,
mp-1207193,CuTe2,70.78099504329904,7.477857368333115,Trigonal,3,"['Cu', 'Te']",Cu-Te,Cu,Te,0.0,-0.282120174444443,,,,,
mp-1207193,CuTe2,70.78099504329904,7.477857368333115,Trigonal,3,"['Cu', 'Te']",Cu-Te,Cu,Te,0.0,-0.282120174444443,,,,,
mp-1207193,CuTe2,70.78099504329904,7.477857368333115,Trigonal,3,"['Cu', 'Te']",Cu-Te,Cu,Te,0.0,0.003043896666665,,,,,
mp-1207193,CuTe2,70.78099504329904,7.477857368333115,Trigonal,3,"['Cu', 'Te']",Cu-Te,Cu,Te,0.0,0.003043896666665,,,,,
mp-1207193,CuTe2,70.78099504329904,7.477857368333115,Trigonal,3,"['Cu', 'Te']",Cu-Te,Cu,Te,0.0,0.003043896666665,,,,,
mp-1207193,CuTe2,70.78099504329904,7.477857368333115,Trigonal,3,"['Cu', 'Te']",Cu-Te,Cu,Te,0.0,0.003043896666665,,,,,
mp-1207193,CuTe2,70.78099504329904,7.477857368333115,Trigonal,3,"['Cu', 'Te']",Cu-Te,Cu,Te,0.0,0.003043896666665,,,,,
mp-1207193,CuTe2,70.78099504329904,7.477857368333115,Trigonal,3,"['Cu', 'Te']",Cu-Te,Cu,Te,0.0,0.003043896666665,,,,,
mp-1103235,CuTe2,292.52689775735826,7.237490834248176,Cubic,12,"['Cu', 'Te']",Cu-Te,Cu,Te,0.0,-0.281230152777777,,,,,
mp-1103235,CuTe2,292.52689775735826,7.237490834248176,Cubic,12,"['Cu', 'Te']",Cu-Te,Cu,Te,0.0,-0.281230152777777,,,,,
mp-1103235,CuTe2,292.52689775735826,7.237490834248176,Cubic,12,"['Cu', 'Te']",Cu-Te,Cu,Te,0.0,-0.281230152777777,,,,,
mp-1103235,CuTe2,292.52689775735826,7.237490834248176,Cubic,12,"['Cu', 'Te']",Cu-Te,Cu,Te,0.0,-0.003301625000001,,,,,
mp-1103235,CuTe2,292.52689775735826,7.237490834248176,Cubic,12,"['Cu', 'Te']",Cu-Te,Cu,Te,0.0,-0.003301625000001,,,,,
mp-1103235,CuTe2,292.52689775735826,7.237490834248176,Cubic,12,"['Cu', 'Te']",Cu-Te,Cu,Te,0.0,-0.003301625000001,,,,,
mp-1103235,CuTe2,292.52689775735826,7.237490834248176,Cubic,12,"['Cu', 'Te']",Cu-Te,Cu,Te,0.0,-0.003301625000001,,,,,
mp-1103235,CuTe2,292.52689775735826,7.237490834248176,Cubic,12,"['Cu', 'Te']",Cu-Te,Cu,Te,0.0,-0.003301625000001,,,,,
mp-1103235,CuTe2,292.52689775735826,7.237490834248176,Cubic,12,"['Cu', 'Te']",Cu-Te,Cu,Te,0.0,-0.003301625000001,,,,,
mp-1225676,Cu3Te2,97.75160693459394,7.573598425549872,Tetragonal,5,"['Cu', 'Te']",Cu-Te,Cu,Te,0.0,-0.201829540666666,,,,,
mp-1225676,Cu3Te2,97.75160693459394,7.573598425549872,Tetragonal,5,"['Cu', 'Te']",Cu-Te,Cu,Te,0.0,-0.201829540666666,,,,,
mp-1225676,Cu3Te2,97.75160693459394,7.573598425549872,Tetragonal,5,"['Cu', 'Te']",Cu-Te,Cu,Te,0.0,-0.201829540666666,,,,,
mp-1225676,Cu3Te2,97.75160693459394,7.573598425549872,Tetragonal,5,"['Cu', 'Te']",Cu-Te,Cu,Te,0.0,-0.046105823999999,,,,,
mp-1225676,Cu3Te2,97.75160693459394,7.573598425549872,Tetragonal,5,"['Cu', 'Te']",Cu-Te,Cu,Te,0.0,-0.046105823999999,,,,,
mp-1225676,Cu3Te2,97.75160693459394,7.573598425549872,Tetragonal,5,"['Cu', 'Te']",Cu-Te,Cu,Te,0.0,-0.046105823999999,,,,,
mp-1225676,Cu3Te2,97.75160693459394,7.573598425549872,Tetragonal,5,"['Cu', 'Te']",Cu-Te,Cu,Te,0.0,-0.046105823999999,,,,,
mp-1225676,Cu3Te2,97.75160693459394,7.573598425549872,Tetragonal,5,"['Cu', 'Te']",Cu-Te,Cu,Te,0.0,-0.046105823999999,,,,,
mp-1225676,Cu3Te2,97.75160693459394,7.573598425549872,Tetragonal,5,"['Cu', 'Te']",Cu-Te,Cu,Te,0.0,-0.046105823999999,,,,,
mp-624307,Cu7Te4,407.4529561101715,7.785848277644575,Trigonal,22,"['Cu', 'Te']",Cu-Te,Cu,Te,0.0,-0.055537619696969,,,,,
mp-624307,Cu7Te4,407.4529561101715,7.785848277644575,Trigonal,22,"['Cu', 'Te']",Cu-Te,Cu,Te,0.0,-0.055537619696969,,,,,
mp-624307,Cu7Te4,407.4529561101715,7.785848277644575,Trigonal,22,"['Cu', 'Te']",Cu-Te,Cu,Te,0.0,0.084661953636361,,,,,
mp-624307,Cu7Te4,407.4529561101715,7.785848277644575,Trigonal,22,"['Cu', 'Te']",Cu-Te,Cu,Te,0.0,0.084661953636361,,,,,
mp-1244890,ZnS,2502.916739121837,3.2334152880082963,Triclinic,100,"['S', 'Zn']",S-Zn,Zn,S,0.8751000000000001,-0.6142127741624991,,,,,
mp-1244890,ZnS,2502.916739121837,3.2334152880082963,Triclinic,100,"['S', 'Zn']",S-Zn,Zn,S,0.8751000000000001,-0.6142127741624991,,,,,
mp-1244890,ZnS,2502.916739121837,3.2334152880082963,Triclinic,100,"['S', 'Zn']",S-Zn,Zn,S,0.8751000000000001,-0.5132987818633921,,,,,
mp-1244890,ZnS,2502.916739121837,3.2334152880082963,Triclinic,100,"['S', 'Zn']",S-Zn,Zn,S,0.8751000000000001,-0.5132987818633921,,,,,
mp-1244921,ZnS,2396.181021036189,3.377444849883982,Triclinic,100,"['S', 'Zn']",S-Zn,Zn,S,1.0343,-0.622053651162499,,,,,
mp-1244921,ZnS,2396.181021036189,3.377444849883982,Triclinic,100,"['S', 'Zn']",S-Zn,Zn,S,1.0343,-0.622053651162499,,,,,
mp-1244921,ZnS,2396.181021036189,3.377444849883982,Triclinic,100,"['S', 'Zn']",S-Zn,Zn,S,1.0343,-0.5211396588633921,,,,,
mp-1244921,ZnS,2396.181021036189,3.377444849883982,Triclinic,100,"['S', 'Zn']",S-Zn,Zn,S,1.0343,-0.5211396588633921,,,,,
mp-1244922,ZnS,2393.493708555356,3.381236900669817,Triclinic,100,"['S', 'Zn']",S-Zn,Zn,S,0.675199999999999,-0.646040062762499,,,,,
mp-1244922,ZnS,2393.493708555356,3.381236900669817,Triclinic,100,"['S', 'Zn']",S-Zn,Zn,S,0.675199999999999,-0.646040062762499,,,,,
mp-1244922,ZnS,2393.493708555356,3.381236900669817,Triclinic,100,"['S', 'Zn']",S-Zn,Zn,S,0.675199999999999,-0.545126070463392,,,,,
mp-1244922,ZnS,2393.493708555356,3.381236900669817,Triclinic,100,"['S', 'Zn']",S-Zn,Zn,S,0.675199999999999,-0.545126070463392,,,,,
mp-1244936,ZnS,2358.769478276966,3.431013214059465,Triclinic,100,"['S', 'Zn']",S-Zn,Zn,S,1.2384,-0.620118372262499,,,,,
mp-1244936,ZnS,2358.769478276966,3.431013214059465,Triclinic,100,"['S', 'Zn']",S-Zn,Zn,S,1.2384,-0.620118372262499,,,,,
mp-1244936,ZnS,2358.769478276966,3.431013214059465,Triclinic,100,"['S', 'Zn']",S-Zn,Zn,S,1.2384,-0.5192043799633911,,,,,
mp-1244936,ZnS,2358.769478276966,3.431013214059465,Triclinic,100,"['S', 'Zn']",S-Zn,Zn,S,1.2384,-0.5192043799633911,,,,,
mp-1244979,ZnS,2365.20921388297,3.421671622698515,Triclinic,100,"['S', 'Zn']",S-Zn,Zn,S,0.891999999999999,-0.5811964203624991,,,,,
mp-1244979,ZnS,2365.20921388297,3.421671622698515,Triclinic,100,"['S', 'Zn']",S-Zn,Zn,S,0.891999999999999,-0.5811964203624991,,,,,
mp-1244979,ZnS,2365.20921388297,3.421671622698515,Triclinic,100,"['S', 'Zn']",S-Zn,Zn,S,0.891999999999999,-0.480282428063392,,,,,
mp-1244979,ZnS,2365.20921388297,3.421671622698515,Triclinic,100,"['S', 'Zn']",S-Zn,Zn,S,0.891999999999999,-0.480282428063392,,,,,
mp-1244989,ZnS,2298.268419005961,3.521333357741026,Triclinic,100,"['S', 'Zn']",S-Zn,Zn,S,0.9623,-0.6596997762624991,,,,,
mp-1244989,ZnS,2298.268419005961,3.521333357741026,Triclinic,100,"['S', 'Zn']",S-Zn,Zn,S,0.9623,-0.6596997762624991,,,,,
mp-1244989,ZnS,2298.268419005961,3.521333357741026,Triclinic,100,"['S', 'Zn']",S-Zn,Zn,S,0.9623,-0.5587857839633921,,,,,
mp-1244989,ZnS,2298.268419005961,3.521333357741026,Triclinic,100,"['S', 'Zn']",S-Zn,Zn,S,0.9623,-0.5587857839633921,,,,,
mp-1244980,ZnS,2425.069893267038,3.337210721784858,Triclinic,100,"['S', 'Zn']",S-Zn,Zn,S,1.3911,-0.7186048325624991,,,,,
mp-1244980,ZnS,2425.069893267038,3.337210721784858,Triclinic,100,"['S', 'Zn']",S-Zn,Zn,S,1.3911,-0.7186048325624991,,,,,
mp-1244980,ZnS,2425.069893267038,3.337210721784858,Triclinic,100,"['S', 'Zn']",S-Zn,Zn,S,1.3911,-0.617690840263392,,,,,
mp-1244980,ZnS,2425.069893267038,3.337210721784858,Triclinic,100,"['S', 'Zn']",S-Zn,Zn,S,1.3911,-0.617690840263392,,,,,
mp-1244969,ZnS,2327.1608270789975,3.477614935211221,Triclinic,100,"['S', 'Zn']",S-Zn,Zn,S,0.220399999999999,-0.635245307162499,,,,,
mp-1244969,ZnS,2327.1608270789975,3.477614935211221,Triclinic,100,"['S', 'Zn']",S-Zn,Zn,S,0.220399999999999,-0.635245307162499,,,,,
mp-1244969,ZnS,2327.1608270789975,3.477614935211221,Triclinic,100,"['S', 'Zn']",S-Zn,Zn,S,0.220399999999999,-0.534331314863392,,,,,
mp-1244969,ZnS,2327.1608270789975,3.477614935211221,Triclinic,100,"['S', 'Zn']",S-Zn,Zn,S,0.220399999999999,-0.534331314863392,,,,,
mp-1244974,ZnS,2278.4554984992583,3.551954055814996,Triclinic,100,"['S', 'Zn']",S-Zn,Zn,S,0.915999999999999,-0.5974916811624991,,,,,
mp-1244974,ZnS,2278.4554984992583,3.551954055814996,Triclinic,100,"['S', 'Zn']",S-Zn,Zn,S,0.915999999999999,-0.5974916811624991,,,,,
mp-1244974,ZnS,2278.4554984992583,3.551954055814996,Triclinic,100,"['S', 'Zn']",S-Zn,Zn,S,0.915999999999999,-0.496577688863392,,,,,
mp-1244974,ZnS,2278.4554984992583,3.551954055814996,Triclinic,100,"['S', 'Zn']",S-Zn,Zn,S,0.915999999999999,-0.496577688863392,,,,,
mp-1244986,ZnS,2484.8090732186774,3.256978307152291,Triclinic,100,"['S', 'Zn']",S-Zn,Zn,S,1.4153,-0.637136041462499,,,,,
mp-1244986,ZnS,2484.8090732186774,3.256978307152291,Triclinic,100,"['S', 'Zn']",S-Zn,Zn,S,1.4153,-0.637136041462499,,,,,
mp-1244986,ZnS,2484.8090732186774,3.256978307152291,Triclinic,100,"['S', 'Zn']",S-Zn,Zn,S,1.4153,-0.536222049163392,,,,,
mp-1244986,ZnS,2484.8090732186774,3.256978307152291,Triclinic,100,"['S', 'Zn']",S-Zn,Zn,S,1.4153,-0.536222049163392,,,,,
mp-1245004,ZnS,2338.3135716626093,3.461028215789759,Triclinic,100,"['S', 'Zn']",S-Zn,Zn,S,0.8022,-0.612890669262499,,,,,
mp-1245004,ZnS,2338.3135716626093,3.461028215789759,Triclinic,100,"['S', 'Zn']",S-Zn,Zn,S,0.8022,-0.612890669262499,,,,,
mp-1245004,ZnS,2338.3135716626093,3.461028215789759,Triclinic,100,"['S', 'Zn']",S-Zn,Zn,S,0.8022,-0.511976676963391,,,,,
mp-1245004,ZnS,2338.3135716626093,3.461028215789759,Triclinic,100,"['S', 'Zn']",S-Zn,Zn,S,0.8022,-0.511976676963391,,,,,
mp-1245034,ZnS,2478.0106348494173,3.265913848420675,Triclinic,100,"['S', 'Zn']",S-Zn,Zn,S,1.253099999999999,-0.640247684162499,,,,,
mp-1245034,ZnS,2478.0106348494173,3.265913848420675,Triclinic,100,"['S', 'Zn']",S-Zn,Zn,S,1.253099999999999,-0.640247684162499,,,,,
mp-1245034,ZnS,2478.0106348494173,3.265913848420675,Triclinic,100,"['S', 'Zn']",S-Zn,Zn,S,1.253099999999999,-0.5393336918633911,,,,,
mp-1245034,ZnS,2478.0106348494173,3.265913848420675,Triclinic,100,"['S', 'Zn']",S-Zn,Zn,S,1.253099999999999,-0.5393336918633911,,,,,
mp-1245035,ZnS,2421.5644553210377,3.342041642172807,Triclinic,100,"['S', 'Zn']",S-Zn,Zn,S,1.3048,-0.6261308911624991,,,,,
mp-1245035,ZnS,2421.5644553210377,3.342041642172807,Triclinic,100,"['S', 'Zn']",S-Zn,Zn,S,1.3048,-0.6261308911624991,,,,,
mp-1245035,ZnS,2421.5644553210377,3.342041642172807,Triclinic,100,"['S', 'Zn']",S-Zn,Zn,S,1.3048,-0.5252168988633921,,,,,
mp-1245035,ZnS,2421.5644553210377,3.342041642172807,Triclinic,100,"['S', 'Zn']",S-Zn,Zn,S,1.3048,-0.5252168988633921,,,,,
mp-1245050,ZnS,2322.1462980700703,3.4851246261333593,Triclinic,100,"['S', 'Zn']",S-Zn,Zn,S,0.8705,-0.5782519703624991,,,,,
mp-1245050,ZnS,2322.1462980700703,3.4851246261333593,Triclinic,100,"['S', 'Zn']",S-Zn,Zn,S,0.8705,-0.5782519703624991,,,,,
mp-1245050,ZnS,2322.1462980700703,3.4851246261333593,Triclinic,100,"['S', 'Zn']",S-Zn,Zn,S,0.8705,-0.477337978063392,,,,,
mp-1245050,ZnS,2322.1462980700703,3.4851246261333593,Triclinic,100,"['S', 'Zn']",S-Zn,Zn,S,0.8705,-0.477337978063392,,,,,
mp-1245054,ZnS,2438.8863681258176,3.318305171842643,Triclinic,100,"['S', 'Zn']",S-Zn,Zn,S,0.909999999999999,-0.5869413476624991,,,,,
mp-1245054,ZnS,2438.8863681258176,3.318305171842643,Triclinic,100,"['S', 'Zn']",S-Zn,Zn,S,0.909999999999999,-0.5869413476624991,,,,,
mp-1245054,ZnS,2438.8863681258176,3.318305171842643,Triclinic,100,"['S', 'Zn']",S-Zn,Zn,S,0.909999999999999,-0.486027355363392,,,,,
mp-1245054,ZnS,2438.8863681258176,3.318305171842643,Triclinic,100,"['S', 'Zn']",S-Zn,Zn,S,0.909999999999999,-0.486027355363392,,,,,
mp-1245062,ZnS,2372.096933462147,3.411736314281427,Triclinic,100,"['S', 'Zn']",S-Zn,Zn,S,0.712,-0.6053662657624991,,,,,
mp-1245062,ZnS,2372.096933462147,3.411736314281427,Triclinic,100,"['S', 'Zn']",S-Zn,Zn,S,0.712,-0.6053662657624991,,,,,
mp-1245062,ZnS,2372.096933462147,3.411736314281427,Triclinic,100,"['S', 'Zn']",S-Zn,Zn,S,0.712,-0.504452273463391,,,,,
mp-1245062,ZnS,2372.096933462147,3.411736314281427,Triclinic,100,"['S', 'Zn']",S-Zn,Zn,S,0.712,-0.504452273463391,,,,,
mp-1245070,ZnS,2434.980536780617,3.323627900364432,Triclinic,100,"['S', 'Zn']",S-Zn,Zn,S,1.3785,-0.6582430731624991,,,,,
mp-1245070,ZnS,2434.980536780617,3.323627900364432,Triclinic,100,"['S', 'Zn']",S-Zn,Zn,S,1.3785,-0.6582430731624991,,,,,
mp-1245070,ZnS,2434.980536780617,3.323627900364432,Triclinic,100,"['S', 'Zn']",S-Zn,Zn,S,1.3785,-0.5573290808633921,,,,,
mp-1245070,ZnS,2434.980536780617,3.323627900364432,Triclinic,100,"['S', 'Zn']",S-Zn,Zn,S,1.3785,-0.5573290808633921,,,,,
mp-1245068,ZnS,2307.452540528622,3.507317748357403,Triclinic,100,"['S', 'Zn']",S-Zn,Zn,S,0.8362,-0.588931722662499,,,,,
mp-1245068,ZnS,2307.452540528622,3.507317748357403,Triclinic,100,"['S', 'Zn']",S-Zn,Zn,S,0.8362,-0.588931722662499,,,,,
mp-1245068,ZnS,2307.452540528622,3.507317748357403,Triclinic,100,"['S', 'Zn']",S-Zn,Zn,S,0.8362,-0.488017730363392,,,,,
mp-1245068,ZnS,2307.452540528622,3.507317748357403,Triclinic,100,"['S', 'Zn']",S-Zn,Zn,S,0.8362,-0.488017730363392,,,,,
mp-1245082,ZnS,2408.0838528463414,3.360750598166495,Triclinic,100,"['S', 'Zn']",S-Zn,Zn,S,0.8844000000000001,-0.5897842292624991,,,,,
mp-1245082,ZnS,2408.0838528463414,3.360750598166495,Triclinic,100,"['S', 'Zn']",S-Zn,Zn,S,0.8844000000000001,-0.5897842292624991,,,,,
mp-1245082,ZnS,2408.0838528463414,3.360750598166495,Triclinic,100,"['S', 'Zn']",S-Zn,Zn,S,0.8844000000000001,-0.488870236963391,,,,,
mp-1245082,ZnS,2408.0838528463414,3.360750598166495,Triclinic,100,"['S', 'Zn']",S-Zn,Zn,S,0.8844000000000001,-0.488870236963391,,,,,
mp-1245117,ZnS,2382.666807148384,3.396601331167333,Triclinic,100,"['S', 'Zn']",S-Zn,Zn,S,0.338699999999999,-0.6506613436624991,,,,,
mp-1245117,ZnS,2382.666807148384,3.396601331167333,Triclinic,100,"['S', 'Zn']",S-Zn,Zn,S,0.338699999999999,-0.6506613436624991,,,,,
mp-1245117,ZnS,2382.666807148384,3.396601331167333,Triclinic,100,"['S', 'Zn']",S-Zn,Zn,S,0.338699999999999,-0.549747351363391,,,,,
mp-1245117,ZnS,2382.666807148384,3.396601331167333,Triclinic,100,"['S', 'Zn']",S-Zn,Zn,S,0.338699999999999,-0.549747351363391,,,,,
mp-1245121,ZnS,2400.8987700036114,3.37080819483124,Triclinic,100,"['S', 'Zn']",S-Zn,Zn,S,1.003799999999999,-0.653595032162499,,,,,
mp-1245121,ZnS,2400.8987700036114,3.37080819483124,Triclinic,100,"['S', 'Zn']",S-Zn,Zn,S,1.003799999999999,-0.653595032162499,,,,,
mp-1245121,ZnS,2400.8987700036114,3.37080819483124,Triclinic,100,"['S', 'Zn']",S-Zn,Zn,S,1.003799999999999,-0.552681039863391,,,,,
mp-1245121,ZnS,2400.8987700036114,3.37080819483124,Triclinic,100,"['S', 'Zn']",S-Zn,Zn,S,1.003799999999999,-0.552681039863391,,,,,
mp-1245122,ZnS,2350.569076453085,3.442982948240086,Triclinic,100,"['S', 'Zn']",S-Zn,Zn,S,1.2726,-0.6634418646624991,,,,,
mp-1245122,ZnS,2350.569076453085,3.442982948240086,Triclinic,100,"['S', 'Zn']",S-Zn,Zn,S,1.2726,-0.6634418646624991,,,,,
mp-1245122,ZnS,2350.569076453085,3.442982948240086,Triclinic,100,"['S', 'Zn']",S-Zn,Zn,S,1.2726,-0.5625278723633911,,,,,
mp-1245122,ZnS,2350.569076453085,3.442982948240086,Triclinic,100,"['S', 'Zn']",S-Zn,Zn,S,1.2726,-0.5625278723633911,,,,,
mp-1245136,ZnS,2378.6682585429953,3.402311028375854,Triclinic,100,"['S', 'Zn']",S-Zn,Zn,S,1.0427,-0.619142887362499,,,,,
mp-1245136,ZnS,2378.6682585429953,3.402311028375854,Triclinic,100,"['S', 'Zn']",S-Zn,Zn,S,1.0427,-0.619142887362499,,,,,
mp-1245136,ZnS,2378.6682585429953,3.402311028375854,Triclinic,100,"['S', 'Zn']",S-Zn,Zn,S,1.0427,-0.5182288950633911,,,,,
mp-1245136,ZnS,2378.6682585429953,3.402311028375854,Triclinic,100,"['S', 'Zn']",S-Zn,Zn,S,1.0427,-0.5182288950633911,,,,,
mp-1245169,ZnS,2376.0502759796927,3.406059766791562,Triclinic,100,"['S', 'Zn']",S-Zn,Zn,S,0.907,-0.6115270247624991,,,,,
mp-1245169,ZnS,2376.0502759796927,3.406059766791562,Triclinic,100,"['S', 'Zn']",S-Zn,Zn,S,0.907,-0.6115270247624991,,,,,
mp-1245169,ZnS,2376.0502759796927,3.406059766791562,Triclinic,100,"['S', 'Zn']",S-Zn,Zn,S,0.907,-0.5106130324633921,,,,,
mp-1245169,ZnS,2376.0502759796927,3.406059766791562,Triclinic,100,"['S', 'Zn']",S-Zn,Zn,S,0.907,-0.5106130324633921,,,,,
mp-1245199,ZnS,2378.481400509168,3.402578320417362,Triclinic,100,"['S', 'Zn']",S-Zn,Zn,S,1.2531,-0.6465763813624991,,,,,
mp-1245199,ZnS,2378.481400509168,3.402578320417362,Triclinic,100,"['S', 'Zn']",S-Zn,Zn,S,1.2531,-0.6465763813624991,,,,,
mp-1245199,ZnS,2378.481400509168,3.402578320417362,Triclinic,100,"['S', 'Zn']",S-Zn,Zn,S,1.2531,-0.545662389063392,,,,,
mp-1245199,ZnS,2378.481400509168,3.402578320417362,Triclinic,100,"['S', 'Zn']",S-Zn,Zn,S,1.2531,-0.545662389063392,,,,,
mp-1245197,ZnS,2425.529327505108,3.336578600438042,Triclinic,100,"['S', 'Zn']",S-Zn,Zn,S,0.860399999999999,-0.6081398570624991,,,,,
mp-1245197,ZnS,2425.529327505108,3.336578600438042,Triclinic,100,"['S', 'Zn']",S-Zn,Zn,S,0.860399999999999,-0.6081398570624991,,,,,
mp-1245197,ZnS,2425.529327505108,3.336578600438042,Triclinic,100,"['S', 'Zn']",S-Zn,Zn,S,0.860399999999999,-0.507225864763391,,,,,
mp-1245197,ZnS,2425.529327505108,3.336578600438042,Triclinic,100,"['S', 'Zn']",S-Zn,Zn,S,0.860399999999999,-0.507225864763391,,,,,
mp-1245194,ZnS,2527.0330421917224,3.202557748065416,Triclinic,100,"['S', 'Zn']",S-Zn,Zn,S,1.2368,-0.663361289062499,,,,,
mp-1245194,ZnS,2527.0330421917224,3.202557748065416,Triclinic,100,"['S', 'Zn']",S-Zn,Zn,S,1.2368,-0.663361289062499,,,,,
mp-1245194,ZnS,2527.0330421917224,3.202557748065416,Triclinic,100,"['S', 'Zn']",S-Zn,Zn,S,1.2368,-0.562447296763391,,,,,
mp-1245194,ZnS,2527.0330421917224,3.202557748065416,Triclinic,100,"['S', 'Zn']",S-Zn,Zn,S,1.2368,-0.562447296763391,,,,,
mp-1245201,ZnS,2358.1995722803117,3.4318423868861743,Triclinic,100,"['S', 'Zn']",S-Zn,Zn,S,0.8690999999999991,-0.615222143262499,,,,,
mp-1245201,ZnS,2358.1995722803117,3.4318423868861743,Triclinic,100,"['S', 'Zn']",S-Zn,Zn,S,0.8690999999999991,-0.615222143262499,,,,,
mp-1245201,ZnS,2358.1995722803117,3.4318423868861743,Triclinic,100,"['S', 'Zn']",S-Zn,Zn,S,0.8690999999999991,-0.514308150963391,,,,,
mp-1245201,ZnS,2358.1995722803117,3.4318423868861743,Triclinic,100,"['S', 'Zn']",S-Zn,Zn,S,0.8690999999999991,-0.514308150963391,,,,,
mp-1245222,ZnS,2418.422053664449,3.346384158474641,Triclinic,100,"['S', 'Zn']",S-Zn,Zn,S,0.4752,-0.602963057862499,,,,,
mp-1245222,ZnS,2418.422053664449,3.346384158474641,Triclinic,100,"['S', 'Zn']",S-Zn,Zn,S,0.4752,-0.602963057862499,,,,,
mp-1245222,ZnS,2418.422053664449,3.346384158474641,Triclinic,100,"['S', 'Zn']",S-Zn,Zn,S,0.4752,-0.502049065563392,,,,,
mp-1245222,ZnS,2418.422053664449,3.346384158474641,Triclinic,100,"['S', 'Zn']",S-Zn,Zn,S,0.4752,-0.502049065563392,,,,,
mp-1245213,ZnS,2357.5104403792257,3.432845560415247,Triclinic,100,"['S', 'Zn']",S-Zn,Zn,S,0.8460999999999991,-0.650000999562499,,,,,
mp-1245213,ZnS,2357.5104403792257,3.432845560415247,Triclinic,100,"['S', 'Zn']",S-Zn,Zn,S,0.8460999999999991,-0.650000999562499,,,,,
mp-1245213,ZnS,2357.5104403792257,3.432845560415247,Triclinic,100,"['S', 'Zn']",S-Zn,Zn,S,0.8460999999999991,-0.549087007263392,,,,,
mp-1245213,ZnS,2357.5104403792257,3.432845560415247,Triclinic,100,"['S', 'Zn']",S-Zn,Zn,S,0.8460999999999991,-0.549087007263392,,,,,
mp-1245220,ZnS,2397.829840044079,3.375122418503077,Triclinic,100,"['S', 'Zn']",S-Zn,Zn,S,1.024,-0.6251292567624991,,,,,
mp-1245220,ZnS,2397.829840044079,3.375122418503077,Triclinic,100,"['S', 'Zn']",S-Zn,Zn,S,1.024,-0.6251292567624991,,,,,
mp-1245220,ZnS,2397.829840044079,3.375122418503077,Triclinic,100,"['S', 'Zn']",S-Zn,Zn,S,1.024,-0.5242152644633911,,,,,
mp-1245220,ZnS,2397.829840044079,3.375122418503077,Triclinic,100,"['S', 'Zn']",S-Zn,Zn,S,1.024,-0.5242152644633911,,,,,
mp-1245216,ZnS,2286.8000931097704,3.538992880607663,Triclinic,100,"['S', 'Zn']",S-Zn,Zn,S,0.8600999999999991,-0.5956472712624991,,,,,
mp-1245216,ZnS,2286.8000931097704,3.538992880607663,Triclinic,100,"['S', 'Zn']",S-Zn,Zn,S,0.8600999999999991,-0.5956472712624991,,,,,
mp-1245216,ZnS,2286.8000931097704,3.538992880607663,Triclinic,100,"['S', 'Zn']",S-Zn,Zn,S,0.8600999999999991,-0.494733278963392,,,,,
mp-1245216,ZnS,2286.8000931097704,3.538992880607663,Triclinic,100,"['S', 'Zn']",S-Zn,Zn,S,0.8600999999999991,-0.494733278963392,,,,,
mp-1245248,ZnS,2398.296071298702,3.374466291188975,Triclinic,100,"['S', 'Zn']",S-Zn,Zn,S,0.7802,-0.6090236047624991,,,,,
mp-1245248,ZnS,2398.296071298702,3.374466291188975,Triclinic,100,"['S', 'Zn']",S-Zn,Zn,S,0.7802,-0.6090236047624991,,,,,
mp-1245248,ZnS,2398.296071298702,3.374466291188975,Triclinic,100,"['S', 'Zn']",S-Zn,Zn,S,0.7802,-0.508109612463392,,,,,
mp-1245248,ZnS,2398.296071298702,3.374466291188975,Triclinic,100,"['S', 'Zn']",S-Zn,Zn,S,0.7802,-0.508109612463392,,,,,
mp-1245238,ZnS,2419.848123798667,3.344412060118927,Triclinic,100,"['S', 'Zn']",S-Zn,Zn,S,1.289399999999999,-0.603031671262499,,,,,
mp-1245238,ZnS,2419.848123798667,3.344412060118927,Triclinic,100,"['S', 'Zn']",S-Zn,Zn,S,1.289399999999999,-0.603031671262499,,,,,
mp-1245238,ZnS,2419.848123798667,3.344412060118927,Triclinic,100,"['S', 'Zn']",S-Zn,Zn,S,1.289399999999999,-0.502117678963392,,,,,
mp-1245238,ZnS,2419.848123798667,3.344412060118927,Triclinic,100,"['S', 'Zn']",S-Zn,Zn,S,1.289399999999999,-0.502117678963392,,,,,
mp-1245236,ZnS,2393.058730277403,3.381851496787245,Triclinic,100,"['S', 'Zn']",S-Zn,Zn,S,0.834399999999999,-0.6340230572624991,,,,,
mp-1245236,ZnS,2393.058730277403,3.381851496787245,Triclinic,100,"['S', 'Zn']",S-Zn,Zn,S,0.834399999999999,-0.6340230572624991,,,,,
mp-1245236,ZnS,2393.058730277403,3.381851496787245,Triclinic,100,"['S', 'Zn']",S-Zn,Zn,S,0.834399999999999,-0.533109064963391,,,,,
mp-1245236,ZnS,2393.058730277403,3.381851496787245,Triclinic,100,"['S', 'Zn']",S-Zn,Zn,S,0.834399999999999,-0.533109064963391,,,,,
mp-1245246,ZnS,2326.7999649713634,3.478154276570149,Triclinic,100,"['S', 'Zn']",S-Zn,Zn,S,0.8743000000000001,-0.641506735162499,,,,,
mp-1245246,ZnS,2326.7999649713634,3.478154276570149,Triclinic,100,"['S', 'Zn']",S-Zn,Zn,S,0.8743000000000001,-0.641506735162499,,,,,
mp-1245246,ZnS,2326.7999649713634,3.478154276570149,Triclinic,100,"['S', 'Zn']",S-Zn,Zn,S,0.8743000000000001,-0.5405927428633911,,,,,
mp-1245246,ZnS,2326.7999649713634,3.478154276570149,Triclinic,100,"['S', 'Zn']",S-Zn,Zn,S,0.8743000000000001,-0.5405927428633911,,,,,
mp-1245280,ZnS,2342.7832214693335,3.454425136190244,Triclinic,100,"['S', 'Zn']",S-Zn,Zn,S,1.189599999999999,-0.626566895762499,,,,,
mp-1245280,ZnS,2342.7832214693335,3.454425136190244,Triclinic,100,"['S', 'Zn']",S-Zn,Zn,S,1.189599999999999,-0.626566895762499,,,,,
mp-1245280,ZnS,2342.7832214693335,3.454425136190244,Triclinic,100,"['S', 'Zn']",S-Zn,Zn,S,1.189599999999999,-0.525652903463392,,,,,
mp-1245280,ZnS,2342.7832214693335,3.454425136190244,Triclinic,100,"['S', 'Zn']",S-Zn,Zn,S,1.189599999999999,-0.525652903463392,,,,,
mp-1245296,ZnS,2361.327679035657,3.427296143919131,Triclinic,100,"['S', 'Zn']",S-Zn,Zn,S,0.8374,-0.5889966304624991,,,,,
mp-1245296,ZnS,2361.327679035657,3.427296143919131,Triclinic,100,"['S', 'Zn']",S-Zn,Zn,S,0.8374,-0.5889966304624991,,,,,
mp-1245296,ZnS,2361.327679035657,3.427296143919131,Triclinic,100,"['S', 'Zn']",S-Zn,Zn,S,0.8374,-0.488082638163391,,,,,
mp-1245296,ZnS,2361.327679035657,3.427296143919131,Triclinic,100,"['S', 'Zn']",S-Zn,Zn,S,0.8374,-0.488082638163391,,,,,
mp-1245300,ZnS,2435.751286996472,3.3225761973702452,Triclinic,100,"['S', 'Zn']",S-Zn,Zn,S,1.1409,-0.660442498162499,,,,,
mp-1245300,ZnS,2435.751286996472,3.3225761973702452,Triclinic,100,"['S', 'Zn']",S-Zn,Zn,S,1.1409,-0.660442498162499,,,,,
mp-1245300,ZnS,2435.751286996472,3.3225761973702452,Triclinic,100,"['S', 'Zn']",S-Zn,Zn,S,1.1409,-0.5595285058633921,,,,,
mp-1245300,ZnS,2435.751286996472,3.3225761973702452,Triclinic,100,"['S', 'Zn']",S-Zn,Zn,S,1.1409,-0.5595285058633921,,,,,
mp-1245317,ZnS,2407.2709811777554,3.361885434654698,Triclinic,100,"['S', 'Zn']",S-Zn,Zn,S,1.152499999999999,-0.644341478462499,,,,,
mp-1245317,ZnS,2407.2709811777554,3.361885434654698,Triclinic,100,"['S', 'Zn']",S-Zn,Zn,S,1.152499999999999,-0.644341478462499,,,,,
mp-1245317,ZnS,2407.2709811777554,3.361885434654698,Triclinic,100,"['S', 'Zn']",S-Zn,Zn,S,1.152499999999999,-0.5434274861633921,,,,,
mp-1245317,ZnS,2407.2709811777554,3.361885434654698,Triclinic,100,"['S', 'Zn']",S-Zn,Zn,S,1.152499999999999,-0.5434274861633921,,,,,
mp-1245310,ZnS,2431.095717979061,3.328938959102771,Triclinic,100,"['S', 'Zn']",S-Zn,Zn,S,0.5837999999999991,-0.6173560573624991,,,,,
mp-1245310,ZnS,2431.095717979061,3.328938959102771,Triclinic,100,"['S', 'Zn']",S-Zn,Zn,S,0.5837999999999991,-0.6173560573624991,,,,,
mp-1245310,ZnS,2431.095717979061,3.328938959102771,Triclinic,100,"['S', 'Zn']",S-Zn,Zn,S,0.5837999999999991,-0.5164420650633921,,,,,
mp-1245310,ZnS,2431.095717979061,3.328938959102771,Triclinic,100,"['S', 'Zn']",S-Zn,Zn,S,0.5837999999999991,-0.5164420650633921,,,,,
mp-1245319,ZnS,2366.3626003790646,3.4200038690571,Triclinic,100,"['S', 'Zn']",S-Zn,Zn,S,1.409299999999999,-0.627405940962499,,,,,
mp-1245319,ZnS,2366.3626003790646,3.4200038690571,Triclinic,100,"['S', 'Zn']",S-Zn,Zn,S,1.409299999999999,-0.627405940962499,,,,,
mp-1245319,ZnS,2366.3626003790646,3.4200038690571,Triclinic,100,"['S', 'Zn']",S-Zn,Zn,S,1.409299999999999,-0.526491948663392,,,,,
mp-1245319,ZnS,2366.3626003790646,3.4200038690571,Triclinic,100,"['S', 'Zn']",S-Zn,Zn,S,1.409299999999999,-0.526491948663392,,,,,
mp-1245316,ZnS,2428.825233332597,3.332050877034095,Triclinic,100,"['S', 'Zn']",S-Zn,Zn,S,0.6422000000000001,-0.591044880662499,,,,,
mp-1245316,ZnS,2428.825233332597,3.332050877034095,Triclinic,100,"['S', 'Zn']",S-Zn,Zn,S,0.6422000000000001,-0.591044880662499,,,,,
mp-1245316,ZnS,2428.825233332597,3.332050877034095,Triclinic,100,"['S', 'Zn']",S-Zn,Zn,S,0.6422000000000001,-0.490130888363391,,,,,
mp-1245316,ZnS,2428.825233332597,3.332050877034095,Triclinic,100,"['S', 'Zn']",S-Zn,Zn,S,0.6422000000000001,-0.490130888363391,,,,,
mp-554004,ZnS,1096.4154453279525,4.133526938798199,Trigonal,56,"['S', 'Zn']",S-Zn,Zn,S,2.0279,-1.061809787633928,,,,,
mp-554004,ZnS,1096.4154453279525,4.133526938798199,Trigonal,56,"['S', 'Zn']",S-Zn,Zn,S,2.0279,-1.061809787633928,,,,,
mp-554004,ZnS,1096.4154453279525,4.133526938798199,Trigonal,56,"['S', 'Zn']",S-Zn,Zn,S,2.0279,-1.061809787633928,,,,,
mp-554004,ZnS,1096.4154453279525,4.133526938798199,Trigonal,56,"['S', 'Zn']",S-Zn,Zn,S,2.0279,-0.9612047906919652,,,,,
mp-554004,ZnS,1096.4154453279525,4.133526938798199,Trigonal,56,"['S', 'Zn']",S-Zn,Zn,S,2.0279,-0.9612047906919652,,,,,
mp-554004,ZnS,1096.4154453279525,4.133526938798199,Trigonal,56,"['S', 'Zn']",S-Zn,Zn,S,2.0279,-0.9612047906919652,,,,,
mp-554004,ZnS,1096.4154453279525,4.133526938798199,Trigonal,56,"['S', 'Zn']",S-Zn,Zn,S,2.0279,-0.9612047906919652,,,,,
mp-554004,ZnS,1096.4154453279525,4.133526938798199,Trigonal,56,"['S', 'Zn']",S-Zn,Zn,S,2.0279,-0.9612047906919652,,,,,
mp-554004,ZnS,1096.4154453279525,4.133526938798199,Trigonal,56,"['S', 'Zn']",S-Zn,Zn,S,2.0279,-0.9612047906919652,,,,,
mp-553880,ZnS,1017.3360865803754,4.136631015977919,Trigonal,52,"['S', 'Zn']",S-Zn,Zn,S,2.0298,-1.062160493293269,,,,,
mp-553880,ZnS,1017.3360865803754,4.136631015977919,Trigonal,52,"['S', 'Zn']",S-Zn,Zn,S,2.0298,-1.062160493293269,,,,,
mp-553880,ZnS,1017.3360865803754,4.136631015977919,Trigonal,52,"['S', 'Zn']",S-Zn,Zn,S,2.0298,-1.062160493293269,,,,,
mp-553880,ZnS,1017.3360865803754,4.136631015977919,Trigonal,52,"['S', 'Zn']",S-Zn,Zn,S,2.0298,-0.961803102944711,,,,,
mp-553880,ZnS,1017.3360865803754,4.136631015977919,Trigonal,52,"['S', 'Zn']",S-Zn,Zn,S,2.0298,-0.961803102944711,,,,,
mp-553880,ZnS,1017.3360865803754,4.136631015977919,Trigonal,52,"['S', 'Zn']",S-Zn,Zn,S,2.0298,-0.961803102944711,,,,,
mp-553880,ZnS,1017.3360865803754,4.136631015977919,Trigonal,52,"['S', 'Zn']",S-Zn,Zn,S,2.0298,-0.961803102944711,,,,,
mp-553880,ZnS,1017.3360865803754,4.136631015977919,Trigonal,52,"['S', 'Zn']",S-Zn,Zn,S,2.0298,-0.961803102944711,,,,,
mp-553880,ZnS,1017.3360865803754,4.136631015977919,Trigonal,52,"['S', 'Zn']",S-Zn,Zn,S,2.0298,-0.961803102944711,,,,,
mp-553916,ZnS,938.2087131860818,4.140470222531364,Trigonal,48,"['S', 'Zn']",S-Zn,Zn,S,2.0251,-1.062297226979167,,,,,
mp-553916,ZnS,938.2087131860818,4.140470222531364,Trigonal,48,"['S', 'Zn']",S-Zn,Zn,S,2.0251,-1.062297226979167,,,,,
mp-553916,ZnS,938.2087131860818,4.140470222531364,Trigonal,48,"['S', 'Zn']",S-Zn,Zn,S,2.0251,-1.062297226979167,,,,,
mp-553916,ZnS,938.2087131860818,4.140470222531364,Trigonal,48,"['S', 'Zn']",S-Zn,Zn,S,2.0251,-0.961964429531249,,,,,
mp-553916,ZnS,938.2087131860818,4.140470222531364,Trigonal,48,"['S', 'Zn']",S-Zn,Zn,S,2.0251,-0.961964429531249,,,,,
mp-553916,ZnS,938.2087131860818,4.140470222531364,Trigonal,48,"['S', 'Zn']",S-Zn,Zn,S,2.0251,-0.961964429531249,,,,,
mp-553916,ZnS,938.2087131860818,4.140470222531364,Trigonal,48,"['S', 'Zn']",S-Zn,Zn,S,2.0251,-0.961964429531249,,,,,
mp-553916,ZnS,938.2087131860818,4.140470222531364,Trigonal,48,"['S', 'Zn']",S-Zn,Zn,S,2.0251,-0.961964429531249,,,,,
mp-553916,ZnS,938.2087131860818,4.140470222531364,Trigonal,48,"['S', 'Zn']",S-Zn,Zn,S,2.0251,-0.961964429531249,,,,,
mp-554115,ZnS,939.6311802203596,4.134202143606421,Trigonal,48,"['S', 'Zn']",S-Zn,Zn,S,2.0169,-1.0625142559375,,,,,
mp-554115,ZnS,939.6311802203596,4.134202143606421,Trigonal,48,"['S', 'Zn']",S-Zn,Zn,S,2.0169,-1.0625142559375,,,,,
mp-554115,ZnS,939.6311802203596,4.134202143606421,Trigonal,48,"['S', 'Zn']",S-Zn,Zn,S,2.0169,-1.0625142559375,,,,,
mp-554115,ZnS,939.6311802203596,4.134202143606421,Trigonal,48,"['S', 'Zn']",S-Zn,Zn,S,2.0169,-0.9618576197395832,,,,,
mp-554115,ZnS,939.6311802203596,4.134202143606421,Trigonal,48,"['S', 'Zn']",S-Zn,Zn,S,2.0169,-0.9618576197395832,,,,,
mp-554115,ZnS,939.6311802203596,4.134202143606421,Trigonal,48,"['S', 'Zn']",S-Zn,Zn,S,2.0169,-0.9618576197395832,,,,,
mp-554115,ZnS,939.6311802203596,4.134202143606421,Trigonal,48,"['S', 'Zn']",S-Zn,Zn,S,2.0169,-0.9618576197395832,,,,,
mp-554115,ZnS,939.6311802203596,4.134202143606421,Trigonal,48,"['S', 'Zn']",S-Zn,Zn,S,2.0169,-0.9618576197395832,,,,,
mp-554115,ZnS,939.6311802203596,4.134202143606421,Trigonal,48,"['S', 'Zn']",S-Zn,Zn,S,2.0169,-0.9618576197395832,,,,,
mp-554253,ZnS,1017.705929627214,4.135127728855325,Trigonal,52,"['S', 'Zn']",S-Zn,Zn,S,1.9769,-1.062161713677884,,,,,
mp-554253,ZnS,1017.705929627214,4.135127728855325,Trigonal,52,"['S', 'Zn']",S-Zn,Zn,S,1.9769,-1.062161713677884,,,,,
mp-554253,ZnS,1017.705929627214,4.135127728855325,Trigonal,52,"['S', 'Zn']",S-Zn,Zn,S,1.9769,-1.062161713677884,,,,,
mp-554253,ZnS,1017.705929627214,4.135127728855325,Trigonal,52,"['S', 'Zn']",S-Zn,Zn,S,1.9769,-0.961498548329326,,,,,
mp-554253,ZnS,1017.705929627214,4.135127728855325,Trigonal,52,"['S', 'Zn']",S-Zn,Zn,S,1.9769,-0.961498548329326,,,,,
mp-554253,ZnS,1017.705929627214,4.135127728855325,Trigonal,52,"['S', 'Zn']",S-Zn,Zn,S,1.9769,-0.961498548329326,,,,,
mp-554253,ZnS,1017.705929627214,4.135127728855325,Trigonal,52,"['S', 'Zn']",S-Zn,Zn,S,1.9769,-0.961498548329326,,,,,
mp-554253,ZnS,1017.705929627214,4.135127728855325,Trigonal,52,"['S', 'Zn']",S-Zn,Zn,S,1.9769,-0.961498548329326,,,,,
mp-554253,ZnS,1017.705929627214,4.135127728855325,Trigonal,52,"['S', 'Zn']",S-Zn,Zn,S,1.9769,-0.961498548329326,,,,,
mp-554608,ZnS,1017.4905302384508,4.136003121754603,Trigonal,52,"['S', 'Zn']",S-Zn,Zn,S,2.015,-1.062352194254807,,,,,
mp-554608,ZnS,1017.4905302384508,4.136003121754603,Trigonal,52,"['S', 'Zn']",S-Zn,Zn,S,2.015,-1.062352194254807,,,,,
mp-554608,ZnS,1017.4905302384508,4.136003121754603,Trigonal,52,"['S', 'Zn']",S-Zn,Zn,S,2.015,-1.062352194254807,,,,,
mp-554608,ZnS,1017.4905302384508,4.136003121754603,Trigonal,52,"['S', 'Zn']",S-Zn,Zn,S,2.015,-0.962008826213942,,,,,
mp-554608,ZnS,1017.4905302384508,4.136003121754603,Trigonal,52,"['S', 'Zn']",S-Zn,Zn,S,2.015,-0.962008826213942,,,,,
mp-554608,ZnS,1017.4905302384508,4.136003121754603,Trigonal,52,"['S', 'Zn']",S-Zn,Zn,S,2.015,-0.962008826213942,,,,,
mp-554608,ZnS,1017.4905302384508,4.136003121754603,Trigonal,52,"['S', 'Zn']",S-Zn,Zn,S,2.015,-0.962008826213942,,,,,
mp-554608,ZnS,1017.4905302384508,4.136003121754603,Trigonal,52,"['S', 'Zn']",S-Zn,Zn,S,2.015,-0.962008826213942,,,,,
mp-554608,ZnS,1017.4905302384508,4.136003121754603,Trigonal,52,"['S', 'Zn']",S-Zn,Zn,S,2.015,-0.962008826213942,,,,,
mp-554681,ZnS,1094.925724940317,4.13915088132992,Trigonal,56,"['S', 'Zn']",S-Zn,Zn,S,2.0164,-1.062365146205357,,,,,
mp-554681,ZnS,1094.925724940317,4.13915088132992,Trigonal,56,"['S', 'Zn']",S-Zn,Zn,S,2.0164,-1.062365146205357,,,,,
mp-554681,ZnS,1094.925724940317,4.13915088132992,Trigonal,56,"['S', 'Zn']",S-Zn,Zn,S,2.0164,-1.062365146205357,,,,,
mp-554681,ZnS,1094.925724940317,4.13915088132992,Trigonal,56,"['S', 'Zn']",S-Zn,Zn,S,2.0164,-0.962017241227678,,,,,
mp-554681,ZnS,1094.925724940317,4.13915088132992,Trigonal,56,"['S', 'Zn']",S-Zn,Zn,S,2.0164,-0.962017241227678,,,,,
mp-554681,ZnS,1094.925724940317,4.13915088132992,Trigonal,56,"['S', 'Zn']",S-Zn,Zn,S,2.0164,-0.962017241227678,,,,,
mp-554681,ZnS,1094.925724940317,4.13915088132992,Trigonal,56,"['S', 'Zn']",S-Zn,Zn,S,2.0164,-0.962017241227678,,,,,
mp-554681,ZnS,1094.925724940317,4.13915088132992,Trigonal,56,"['S', 'Zn']",S-Zn,Zn,S,2.0164,-0.962017241227678,,,,,
mp-554681,ZnS,1094.925724940317,4.13915088132992,Trigonal,56,"['S', 'Zn']",S-Zn,Zn,S,2.0164,-0.962017241227678,,,,,
mp-554503,ZnS,1096.325724752779,4.133865216379459,Trigonal,56,"['S', 'Zn']",S-Zn,Zn,S,2.0191,-1.0623672415625,,,,,
mp-554503,ZnS,1096.325724752779,4.133865216379459,Trigonal,56,"['S', 'Zn']",S-Zn,Zn,S,2.0191,-1.0623672415625,,,,,
mp-554503,ZnS,1096.325724752779,4.133865216379459,Trigonal,56,"['S', 'Zn']",S-Zn,Zn,S,2.0191,-1.0623672415625,,,,,
mp-554503,ZnS,1096.325724752779,4.133865216379459,Trigonal,56,"['S', 'Zn']",S-Zn,Zn,S,2.0191,-0.9617047133705372,,,,,
mp-554503,ZnS,1096.325724752779,4.133865216379459,Trigonal,56,"['S', 'Zn']",S-Zn,Zn,S,2.0191,-0.9617047133705372,,,,,
mp-554503,ZnS,1096.325724752779,4.133865216379459,Trigonal,56,"['S', 'Zn']",S-Zn,Zn,S,2.0191,-0.9617047133705372,,,,,
mp-554503,ZnS,1096.325724752779,4.133865216379459,Trigonal,56,"['S', 'Zn']",S-Zn,Zn,S,2.0191,-0.9617047133705372,,,,,
mp-554503,ZnS,1096.325724752779,4.133865216379459,Trigonal,56,"['S', 'Zn']",S-Zn,Zn,S,2.0191,-0.9617047133705372,,,,,
mp-554503,ZnS,1096.325724752779,4.133865216379459,Trigonal,56,"['S', 'Zn']",S-Zn,Zn,S,2.0191,-0.9617047133705372,,,,,
mp-554630,ZnS,940.2307651818816,4.131565763767565,Trigonal,48,"['S', 'Zn']",S-Zn,Zn,S,1.9824,-1.062079588645833,,,,,
mp-554630,ZnS,940.2307651818816,4.131565763767565,Trigonal,48,"['S', 'Zn']",S-Zn,Zn,S,1.9824,-1.062079588645833,,,,,
mp-554630,ZnS,940.2307651818816,4.131565763767565,Trigonal,48,"['S', 'Zn']",S-Zn,Zn,S,1.9824,-1.062079588645833,,,,,
mp-554630,ZnS,940.2307651818816,4.131565763767565,Trigonal,48,"['S', 'Zn']",S-Zn,Zn,S,1.9824,-0.961452033072916,,,,,
mp-554630,ZnS,940.2307651818816,4.131565763767565,Trigonal,48,"['S', 'Zn']",S-Zn,Zn,S,1.9824,-0.961452033072916,,,,,
mp-554630,ZnS,940.2307651818816,4.131565763767565,Trigonal,48,"['S', 'Zn']",S-Zn,Zn,S,1.9824,-0.961452033072916,,,,,
mp-554630,ZnS,940.2307651818816,4.131565763767565,Trigonal,48,"['S', 'Zn']",S-Zn,Zn,S,1.9824,-0.961452033072916,,,,,
mp-554630,ZnS,940.2307651818816,4.131565763767565,Trigonal,48,"['S', 'Zn']",S-Zn,Zn,S,1.9824,-0.961452033072916,,,,,
mp-554630,ZnS,940.2307651818816,4.131565763767565,Trigonal,48,"['S', 'Zn']",S-Zn,Zn,S,1.9824,-0.961452033072916,,,,,
mp-554713,ZnS,938.3285976671796,4.1399412200845,Trigonal,48,"['S', 'Zn']",S-Zn,Zn,S,2.034,-1.0618627128125,,,,,
mp-554713,ZnS,938.3285976671796,4.1399412200845,Trigonal,48,"['S', 'Zn']",S-Zn,Zn,S,2.034,-1.0618627128125,,,,,
mp-554713,ZnS,938.3285976671796,4.1399412200845,Trigonal,48,"['S', 'Zn']",S-Zn,Zn,S,2.034,-1.0618627128125,,,,,
mp-554713,ZnS,938.3285976671796,4.1399412200845,Trigonal,48,"['S', 'Zn']",S-Zn,Zn,S,2.034,-0.9615310759895832,,,,,
mp-554713,ZnS,938.3285976671796,4.1399412200845,Trigonal,48,"['S', 'Zn']",S-Zn,Zn,S,2.034,-0.9615310759895832,,,,,
mp-554713,ZnS,938.3285976671796,4.1399412200845,Trigonal,48,"['S', 'Zn']",S-Zn,Zn,S,2.034,-0.9615310759895832,,,,,
mp-554713,ZnS,938.3285976671796,4.1399412200845,Trigonal,48,"['S', 'Zn']",S-Zn,Zn,S,2.034,-0.9615310759895832,,,,,
mp-554713,ZnS,938.3285976671796,4.1399412200845,Trigonal,48,"['S', 'Zn']",S-Zn,Zn,S,2.034,-0.9615310759895832,,,,,
mp-554713,ZnS,938.3285976671796,4.1399412200845,Trigonal,48,"['S', 'Zn']",S-Zn,Zn,S,2.034,-0.9615310759895832,,,,,
mp-554820,ZnS,1094.3999128517012,4.141139565305906,Trigonal,56,"['S', 'Zn']",S-Zn,Zn,S,2.0195,-1.062555282276785,,,,,
mp-554820,ZnS,1094.3999128517012,4.141139565305906,Trigonal,56,"['S', 'Zn']",S-Zn,Zn,S,2.0195,-1.062555282276785,,,,,
mp-554820,ZnS,1094.3999128517012,4.141139565305906,Trigonal,56,"['S', 'Zn']",S-Zn,Zn,S,2.0195,-1.062555282276785,,,,,
mp-554820,ZnS,1094.3999128517012,4.141139565305906,Trigonal,56,"['S', 'Zn']",S-Zn,Zn,S,2.0195,-0.9622174221205352,,,,,
mp-554820,ZnS,1094.3999128517012,4.141139565305906,Trigonal,56,"['S', 'Zn']",S-Zn,Zn,S,2.0195,-0.9622174221205352,,,,,
mp-554820,ZnS,1094.3999128517012,4.141139565305906,Trigonal,56,"['S', 'Zn']",S-Zn,Zn,S,2.0195,-0.9622174221205352,,,,,
mp-554820,ZnS,1094.3999128517012,4.141139565305906,Trigonal,56,"['S', 'Zn']",S-Zn,Zn,S,2.0195,-0.9622174221205352,,,,,
mp-554820,ZnS,1094.3999128517012,4.141139565305906,Trigonal,56,"['S', 'Zn']",S-Zn,Zn,S,2.0195,-0.9622174221205352,,,,,
mp-554820,ZnS,1094.3999128517012,4.141139565305906,Trigonal,56,"['S', 'Zn']",S-Zn,Zn,S,2.0195,-0.9622174221205352,,,,,
mp-554829,ZnS,939.1168277839166,4.13646643797577,Trigonal,48,"['S', 'Zn']",S-Zn,Zn,S,2.0216,-1.062296856145834,,,,,
mp-554829,ZnS,939.1168277839166,4.13646643797577,Trigonal,48,"['S', 'Zn']",S-Zn,Zn,S,2.0216,-1.062296856145834,,,,,
mp-554829,ZnS,939.1168277839166,4.13646643797577,Trigonal,48,"['S', 'Zn']",S-Zn,Zn,S,2.0216,-1.062296856145834,,,,,
mp-554829,ZnS,939.1168277839166,4.13646643797577,Trigonal,48,"['S', 'Zn']",S-Zn,Zn,S,2.0216,-0.961976457447916,,,,,
mp-554829,ZnS,939.1168277839166,4.13646643797577,Trigonal,48,"['S', 'Zn']",S-Zn,Zn,S,2.0216,-0.961976457447916,,,,,
mp-554829,ZnS,939.1168277839166,4.13646643797577,Trigonal,48,"['S', 'Zn']",S-Zn,Zn,S,2.0216,-0.961976457447916,,,,,
mp-554829,ZnS,939.1168277839166,4.13646643797577,Trigonal,48,"['S', 'Zn']",S-Zn,Zn,S,2.0216,-0.961976457447916,,,,,
mp-554829,ZnS,939.1168277839166,4.13646643797577,Trigonal,48,"['S', 'Zn']",S-Zn,Zn,S,2.0216,-0.961976457447916,,,,,
mp-554829,ZnS,939.1168277839166,4.13646643797577,Trigonal,48,"['S', 'Zn']",S-Zn,Zn,S,2.0216,-0.961976457447916,,,,,
mp-554889,ZnS,939.3856136595164,4.135282873167822,Trigonal,48,"['S', 'Zn']",S-Zn,Zn,S,2.0385,-1.061844301145833,,,,,
mp-554889,ZnS,939.3856136595164,4.135282873167822,Trigonal,48,"['S', 'Zn']",S-Zn,Zn,S,2.0385,-1.061844301145833,,,,,
mp-554889,ZnS,939.3856136595164,4.135282873167822,Trigonal,48,"['S', 'Zn']",S-Zn,Zn,S,2.0385,-1.061844301145833,,,,,
mp-554889,ZnS,939.3856136595164,4.135282873167822,Trigonal,48,"['S', 'Zn']",S-Zn,Zn,S,2.0385,-0.9615744622395832,,,,,
mp-554889,ZnS,939.3856136595164,4.135282873167822,Trigonal,48,"['S', 'Zn']",S-Zn,Zn,S,2.0385,-0.9615744622395832,,,,,
mp-554889,ZnS,939.3856136595164,4.135282873167822,Trigonal,48,"['S', 'Zn']",S-Zn,Zn,S,2.0385,-0.9615744622395832,,,,,
mp-554889,ZnS,939.3856136595164,4.135282873167822,Trigonal,48,"['S', 'Zn']",S-Zn,Zn,S,2.0385,-0.9615744622395832,,,,,
mp-554889,ZnS,939.3856136595164,4.135282873167822,Trigonal,48,"['S', 'Zn']",S-Zn,Zn,S,2.0385,-0.9615744622395832,,,,,
mp-554889,ZnS,939.3856136595164,4.135282873167822,Trigonal,48,"['S', 'Zn']",S-Zn,Zn,S,2.0385,-0.9615744622395832,,,,,
mp-554961,ZnS,1095.545036428172,4.136811019794761,Trigonal,56,"['S', 'Zn']",S-Zn,Zn,S,2.018,-1.062367543705356,,,,,
mp-554961,ZnS,1095.545036428172,4.136811019794761,Trigonal,56,"['S', 'Zn']",S-Zn,Zn,S,2.018,-1.062367543705356,,,,,
mp-554961,ZnS,1095.545036428172,4.136811019794761,Trigonal,56,"['S', 'Zn']",S-Zn,Zn,S,2.018,-1.062367543705356,,,,,
mp-554961,ZnS,1095.545036428172,4.136811019794761,Trigonal,56,"['S', 'Zn']",S-Zn,Zn,S,2.018,-0.961708897834822,,,,,
mp-554961,ZnS,1095.545036428172,4.136811019794761,Trigonal,56,"['S', 'Zn']",S-Zn,Zn,S,2.018,-0.961708897834822,,,,,
mp-554961,ZnS,1095.545036428172,4.136811019794761,Trigonal,56,"['S', 'Zn']",S-Zn,Zn,S,2.018,-0.961708897834822,,,,,
mp-554961,ZnS,1095.545036428172,4.136811019794761,Trigonal,56,"['S', 'Zn']",S-Zn,Zn,S,2.018,-0.961708897834822,,,,,
mp-554961,ZnS,1095.545036428172,4.136811019794761,Trigonal,56,"['S', 'Zn']",S-Zn,Zn,S,2.018,-0.961708897834822,,,,,
mp-554961,ZnS,1095.545036428172,4.136811019794761,Trigonal,56,"['S', 'Zn']",S-Zn,Zn,S,2.018,-0.961708897834822,,,,,
mp-554986,ZnS,1376.7396969722602,3.997283655978585,Trigonal,68,"['S', 'Zn']",S-Zn,Zn,S,2.0291,-1.062134056121323,,,,,
mp-554986,ZnS,1376.7396969722602,3.997283655978585,Trigonal,68,"['S', 'Zn']",S-Zn,Zn,S,2.0291,-1.062134056121323,,,,,
mp-554986,ZnS,1376.7396969722602,3.997283655978585,Trigonal,68,"['S', 'Zn']",S-Zn,Zn,S,2.0291,-0.961220063822216,,,,,
mp-554986,ZnS,1376.7396969722602,3.997283655978585,Trigonal,68,"['S', 'Zn']",S-Zn,Zn,S,2.0291,-0.961220063822216,,,,,
mp-555151,ZnS,1095.7084429965078,4.136194083695638,Trigonal,56,"['S', 'Zn']",S-Zn,Zn,S,2.0233,-1.062366141205356,,,,,
mp-555151,ZnS,1095.7084429965078,4.136194083695638,Trigonal,56,"['S', 'Zn']",S-Zn,Zn,S,2.0233,-1.062366141205356,,,,,
mp-555151,ZnS,1095.7084429965078,4.136194083695638,Trigonal,56,"['S', 'Zn']",S-Zn,Zn,S,2.0233,-1.062366141205356,,,,,
mp-555151,ZnS,1095.7084429965078,4.136194083695638,Trigonal,56,"['S', 'Zn']",S-Zn,Zn,S,2.0233,-0.961711206941964,,,,,
mp-555151,ZnS,1095.7084429965078,4.136194083695638,Trigonal,56,"['S', 'Zn']",S-Zn,Zn,S,2.0233,-0.961711206941964,,,,,
mp-555151,ZnS,1095.7084429965078,4.136194083695638,Trigonal,56,"['S', 'Zn']",S-Zn,Zn,S,2.0233,-0.961711206941964,,,,,
mp-555151,ZnS,1095.7084429965078,4.136194083695638,Trigonal,56,"['S', 'Zn']",S-Zn,Zn,S,2.0233,-0.961711206941964,,,,,
mp-555151,ZnS,1095.7084429965078,4.136194083695638,Trigonal,56,"['S', 'Zn']",S-Zn,Zn,S,2.0233,-0.961711206941964,,,,,
mp-555151,ZnS,1095.7084429965078,4.136194083695638,Trigonal,56,"['S', 'Zn']",S-Zn,Zn,S,2.0233,-0.961711206941964,,,,,
mp-555311,ZnS,1017.8018903608638,4.134737859378411,Trigonal,52,"['S', 'Zn']",S-Zn,Zn,S,2.0305,-1.062164550408653,,,,,
mp-555311,ZnS,1017.8018903608638,4.134737859378411,Trigonal,52,"['S', 'Zn']",S-Zn,Zn,S,2.0305,-1.062164550408653,,,,,
mp-555311,ZnS,1017.8018903608638,4.134737859378411,Trigonal,52,"['S', 'Zn']",S-Zn,Zn,S,2.0305,-1.062164550408653,,,,,
mp-555311,ZnS,1017.8018903608638,4.134737859378411,Trigonal,52,"['S', 'Zn']",S-Zn,Zn,S,2.0305,-0.96149138640625,,,,,
mp-555311,ZnS,1017.8018903608638,4.134737859378411,Trigonal,52,"['S', 'Zn']",S-Zn,Zn,S,2.0305,-0.96149138640625,,,,,
mp-555311,ZnS,1017.8018903608638,4.134737859378411,Trigonal,52,"['S', 'Zn']",S-Zn,Zn,S,2.0305,-0.96149138640625,,,,,
mp-555311,ZnS,1017.8018903608638,4.134737859378411,Trigonal,52,"['S', 'Zn']",S-Zn,Zn,S,2.0305,-0.96149138640625,,,,,
mp-555311,ZnS,1017.8018903608638,4.134737859378411,Trigonal,52,"['S', 'Zn']",S-Zn,Zn,S,2.0305,-0.96149138640625,,,,,
mp-555311,ZnS,1017.8018903608638,4.134737859378411,Trigonal,52,"['S', 'Zn']",S-Zn,Zn,S,2.0305,-0.96149138640625,,,,,
mp-555079,ZnS,1095.565813327603,4.136732567085231,Trigonal,56,"['S', 'Zn']",S-Zn,Zn,S,2.018799999999999,-1.062554191919642,,,,,
mp-555079,ZnS,1095.565813327603,4.136732567085231,Trigonal,56,"['S', 'Zn']",S-Zn,Zn,S,2.018799999999999,-1.062554191919642,,,,,
mp-555079,ZnS,1095.565813327603,4.136732567085231,Trigonal,56,"['S', 'Zn']",S-Zn,Zn,S,2.018799999999999,-1.062554191919642,,,,,
mp-555079,ZnS,1095.565813327603,4.136732567085231,Trigonal,56,"['S', 'Zn']",S-Zn,Zn,S,2.018799999999999,-0.96220205265625,,,,,
mp-555079,ZnS,1095.565813327603,4.136732567085231,Trigonal,56,"['S', 'Zn']",S-Zn,Zn,S,2.018799999999999,-0.96220205265625,,,,,
mp-555079,ZnS,1095.565813327603,4.136732567085231,Trigonal,56,"['S', 'Zn']",S-Zn,Zn,S,2.018799999999999,-0.96220205265625,,,,,
mp-555079,ZnS,1095.565813327603,4.136732567085231,Trigonal,56,"['S', 'Zn']",S-Zn,Zn,S,2.018799999999999,-0.96220205265625,,,,,
mp-555079,ZnS,1095.565813327603,4.136732567085231,Trigonal,56,"['S', 'Zn']",S-Zn,Zn,S,2.018799999999999,-0.96220205265625,,,,,
mp-555079,ZnS,1095.565813327603,4.136732567085231,Trigonal,56,"['S', 'Zn']",S-Zn,Zn,S,2.018799999999999,-0.96220205265625,,,,,
mp-554999,ZnS,938.38491544128,4.139692758850113,Trigonal,48,"['S', 'Zn']",S-Zn,Zn,S,2.0197,-1.0620773528125,,,,,
mp-554999,ZnS,938.38491544128,4.139692758850113,Trigonal,48,"['S', 'Zn']",S-Zn,Zn,S,2.0197,-1.0620773528125,,,,,
mp-554999,ZnS,938.38491544128,4.139692758850113,Trigonal,48,"['S', 'Zn']",S-Zn,Zn,S,2.0197,-1.0620773528125,,,,,
mp-554999,ZnS,938.38491544128,4.139692758850113,Trigonal,48,"['S', 'Zn']",S-Zn,Zn,S,2.0197,-0.961746592447916,,,,,
mp-554999,ZnS,938.38491544128,4.139692758850113,Trigonal,48,"['S', 'Zn']",S-Zn,Zn,S,2.0197,-0.961746592447916,,,,,
mp-554999,ZnS,938.38491544128,4.139692758850113,Trigonal,48,"['S', 'Zn']",S-Zn,Zn,S,2.0197,-0.961746592447916,,,,,
mp-554999,ZnS,938.38491544128,4.139692758850113,Trigonal,48,"['S', 'Zn']",S-Zn,Zn,S,2.0197,-0.961746592447916,,,,,
mp-554999,ZnS,938.38491544128,4.139692758850113,Trigonal,48,"['S', 'Zn']",S-Zn,Zn,S,2.0197,-0.961746592447916,,,,,
mp-554999,ZnS,938.38491544128,4.139692758850113,Trigonal,48,"['S', 'Zn']",S-Zn,Zn,S,2.0197,-0.961746592447916,,,,,
mp-555214,ZnS,1014.2969910184012,4.149025430112542,Trigonal,52,"['S', 'Zn']",S-Zn,Zn,S,1.596,-1.04909747483173,,,,,
mp-555214,ZnS,1014.2969910184012,4.149025430112542,Trigonal,52,"['S', 'Zn']",S-Zn,Zn,S,1.596,-1.04909747483173,,,,,
mp-555214,ZnS,1014.2969910184012,4.149025430112542,Trigonal,52,"['S', 'Zn']",S-Zn,Zn,S,1.596,-1.04909747483173,,,,,
mp-555214,ZnS,1014.2969910184012,4.149025430112542,Trigonal,52,"['S', 'Zn']",S-Zn,Zn,S,1.596,-0.9484992271754812,,,,,
mp-555214,ZnS,1014.2969910184012,4.149025430112542,Trigonal,52,"['S', 'Zn']",S-Zn,Zn,S,1.596,-0.9484992271754812,,,,,
mp-555214,ZnS,1014.2969910184012,4.149025430112542,Trigonal,52,"['S', 'Zn']",S-Zn,Zn,S,1.596,-0.9484992271754812,,,,,
mp-555214,ZnS,1014.2969910184012,4.149025430112542,Trigonal,52,"['S', 'Zn']",S-Zn,Zn,S,1.596,-0.9484992271754812,,,,,
mp-555214,ZnS,1014.2969910184012,4.149025430112542,Trigonal,52,"['S', 'Zn']",S-Zn,Zn,S,1.596,-0.9484992271754812,,,,,
mp-555214,ZnS,1014.2969910184012,4.149025430112542,Trigonal,52,"['S', 'Zn']",S-Zn,Zn,S,1.596,-0.9484992271754812,,,,,
mp-555664,ZnS,937.9759569096516,4.141497669370025,Trigonal,48,"['S', 'Zn']",S-Zn,Zn,S,2.0194,-1.062515506770833,,,,,
mp-555664,ZnS,937.9759569096516,4.141497669370025,Trigonal,48,"['S', 'Zn']",S-Zn,Zn,S,2.0194,-1.062515506770833,,,,,
mp-555664,ZnS,937.9759569096516,4.141497669370025,Trigonal,48,"['S', 'Zn']",S-Zn,Zn,S,2.0194,-1.062515506770833,,,,,
mp-555664,ZnS,937.9759569096516,4.141497669370025,Trigonal,48,"['S', 'Zn']",S-Zn,Zn,S,2.0194,-0.9621872907812492,,,,,
mp-555664,ZnS,937.9759569096516,4.141497669370025,Trigonal,48,"['S', 'Zn']",S-Zn,Zn,S,2.0194,-0.9621872907812492,,,,,
mp-555664,ZnS,937.9759569096516,4.141497669370025,Trigonal,48,"['S', 'Zn']",S-Zn,Zn,S,2.0194,-0.9621872907812492,,,,,
mp-555664,ZnS,937.9759569096516,4.141497669370025,Trigonal,48,"['S', 'Zn']",S-Zn,Zn,S,2.0194,-0.9621872907812492,,,,,
mp-555664,ZnS,937.9759569096516,4.141497669370025,Trigonal,48,"['S', 'Zn']",S-Zn,Zn,S,2.0194,-0.9621872907812492,,,,,
mp-555664,ZnS,937.9759569096516,4.141497669370025,Trigonal,48,"['S', 'Zn']",S-Zn,Zn,S,2.0194,-0.9621872907812492,,,,,
mp-555381,ZnS,938.102174696848,4.140940447901398,Trigonal,48,"['S', 'Zn']",S-Zn,Zn,S,2.0142,-1.0622937784375,,,,,
mp-555381,ZnS,938.102174696848,4.140940447901398,Trigonal,48,"['S', 'Zn']",S-Zn,Zn,S,2.0142,-1.0622937784375,,,,,
mp-555381,ZnS,938.102174696848,4.140940447901398,Trigonal,48,"['S', 'Zn']",S-Zn,Zn,S,2.0142,-1.0622937784375,,,,,
mp-555381,ZnS,938.102174696848,4.140940447901398,Trigonal,48,"['S', 'Zn']",S-Zn,Zn,S,2.0142,-0.961973424739583,,,,,
mp-555381,ZnS,938.102174696848,4.140940447901398,Trigonal,48,"['S', 'Zn']",S-Zn,Zn,S,2.0142,-0.961973424739583,,,,,
mp-555381,ZnS,938.102174696848,4.140940447901398,Trigonal,48,"['S', 'Zn']",S-Zn,Zn,S,2.0142,-0.961973424739583,,,,,
mp-555381,ZnS,938.102174696848,4.140940447901398,Trigonal,48,"['S', 'Zn']",S-Zn,Zn,S,2.0142,-0.961973424739583,,,,,
mp-555381,ZnS,938.102174696848,4.140940447901398,Trigonal,48,"['S', 'Zn']",S-Zn,Zn,S,2.0142,-0.961973424739583,,,,,
mp-555381,ZnS,938.102174696848,4.140940447901398,Trigonal,48,"['S', 'Zn']",S-Zn,Zn,S,2.0142,-0.961973424739583,,,,,
mp-555773,ZnS,703.8226389555459,4.139493060245037,Trigonal,36,"['S', 'Zn']",S-Zn,Zn,S,2.0281,-1.062134557673611,,,,,
mp-555773,ZnS,703.8226389555459,4.139493060245037,Trigonal,36,"['S', 'Zn']",S-Zn,Zn,S,2.0281,-1.062134557673611,,,,,
mp-555773,ZnS,703.8226389555459,4.139493060245037,Trigonal,36,"['S', 'Zn']",S-Zn,Zn,S,2.0281,-1.062134557673611,,,,,
mp-555773,ZnS,703.8226389555459,4.139493060245037,Trigonal,36,"['S', 'Zn']",S-Zn,Zn,S,2.0281,-0.961835212239584,,,,,
mp-555773,ZnS,703.8226389555459,4.139493060245037,Trigonal,36,"['S', 'Zn']",S-Zn,Zn,S,2.0281,-0.961835212239584,,,,,
mp-555773,ZnS,703.8226389555459,4.139493060245037,Trigonal,36,"['S', 'Zn']",S-Zn,Zn,S,2.0281,-0.961835212239584,,,,,
mp-555773,ZnS,703.8226389555459,4.139493060245037,Trigonal,36,"['S', 'Zn']",S-Zn,Zn,S,2.0281,-0.961835212239584,,,,,
mp-555773,ZnS,703.8226389555459,4.139493060245037,Trigonal,36,"['S', 'Zn']",S-Zn,Zn,S,2.0281,-0.961835212239584,,,,,
mp-555773,ZnS,703.8226389555459,4.139493060245037,Trigonal,36,"['S', 'Zn']",S-Zn,Zn,S,2.0281,-0.961835212239584,,,,,
mp-556161,ZnS,547.4391265878817,4.139330346759543,Trigonal,28,"['S', 'Zn']",S-Zn,Zn,S,1.4296,-1.062890825848214,,,,,
mp-556161,ZnS,547.4391265878817,4.139330346759543,Trigonal,28,"['S', 'Zn']",S-Zn,Zn,S,1.4296,-1.062890825848214,,,,,
mp-556161,ZnS,547.4391265878817,4.139330346759543,Trigonal,28,"['S', 'Zn']",S-Zn,Zn,S,1.4296,-1.062890825848214,,,,,
mp-556161,ZnS,547.4391265878817,4.139330346759543,Trigonal,28,"['S', 'Zn']",S-Zn,Zn,S,1.4296,-0.9616529856919652,,,,,
mp-556161,ZnS,547.4391265878817,4.139330346759543,Trigonal,28,"['S', 'Zn']",S-Zn,Zn,S,1.4296,-0.9616529856919652,,,,,
mp-556161,ZnS,547.4391265878817,4.139330346759543,Trigonal,28,"['S', 'Zn']",S-Zn,Zn,S,1.4296,-0.9616529856919652,,,,,
mp-556161,ZnS,547.4391265878817,4.139330346759543,Trigonal,28,"['S', 'Zn']",S-Zn,Zn,S,1.4296,-0.9616529856919652,,,,,
mp-556161,ZnS,547.4391265878817,4.139330346759543,Trigonal,28,"['S', 'Zn']",S-Zn,Zn,S,1.4296,-0.9616529856919652,,,,,
mp-556161,ZnS,547.4391265878817,4.139330346759543,Trigonal,28,"['S', 'Zn']",S-Zn,Zn,S,1.4296,-0.9616529856919652,,,,,
mp-556543,ZnS,860.8162146556264,4.136662865877198,Trigonal,44,"['S', 'Zn']",S-Zn,Zn,S,2.0163,-1.062511178380682,,,,,
mp-556543,ZnS,860.8162146556264,4.136662865877198,Trigonal,44,"['S', 'Zn']",S-Zn,Zn,S,2.0163,-1.062511178380682,,,,,
mp-556543,ZnS,860.8162146556264,4.136662865877198,Trigonal,44,"['S', 'Zn']",S-Zn,Zn,S,2.0163,-1.062511178380682,,,,,
mp-556543,ZnS,860.8162146556264,4.136662865877198,Trigonal,44,"['S', 'Zn']",S-Zn,Zn,S,2.0163,-0.962100575269886,,,,,
mp-556543,ZnS,860.8162146556264,4.136662865877198,Trigonal,44,"['S', 'Zn']",S-Zn,Zn,S,2.0163,-0.962100575269886,,,,,
mp-556543,ZnS,860.8162146556264,4.136662865877198,Trigonal,44,"['S', 'Zn']",S-Zn,Zn,S,2.0163,-0.962100575269886,,,,,
mp-556543,ZnS,860.8162146556264,4.136662865877198,Trigonal,44,"['S', 'Zn']",S-Zn,Zn,S,2.0163,-0.962100575269886,,,,,
mp-556543,ZnS,860.8162146556264,4.136662865877198,Trigonal,44,"['S', 'Zn']",S-Zn,Zn,S,2.0163,-0.962100575269886,,,,,
mp-556543,ZnS,860.8162146556264,4.136662865877198,Trigonal,44,"['S', 'Zn']",S-Zn,Zn,S,2.0163,-0.962100575269886,,,,,
mp-555594,ZnS,938.1990805271352,4.140512733484914,Trigonal,48,"['S', 'Zn']",S-Zn,Zn,S,2.0252,-1.0622861921875,,,,,
mp-555594,ZnS,938.1990805271352,4.140512733484914,Trigonal,48,"['S', 'Zn']",S-Zn,Zn,S,2.0252,-1.0622861921875,,,,,
mp-555594,ZnS,938.1990805271352,4.140512733484914,Trigonal,48,"['S', 'Zn']",S-Zn,Zn,S,2.0252,-1.0622861921875,,,,,
mp-555594,ZnS,938.1990805271352,4.140512733484914,Trigonal,48,"['S', 'Zn']",S-Zn,Zn,S,2.0252,-0.9619742722395832,,,,,
mp-555594,ZnS,938.1990805271352,4.140512733484914,Trigonal,48,"['S', 'Zn']",S-Zn,Zn,S,2.0252,-0.9619742722395832,,,,,
mp-555594,ZnS,938.1990805271352,4.140512733484914,Trigonal,48,"['S', 'Zn']",S-Zn,Zn,S,2.0252,-0.9619742722395832,,,,,
mp-555594,ZnS,938.1990805271352,4.140512733484914,Trigonal,48,"['S', 'Zn']",S-Zn,Zn,S,2.0252,-0.9619742722395832,,,,,
mp-555594,ZnS,938.1990805271352,4.140512733484914,Trigonal,48,"['S', 'Zn']",S-Zn,Zn,S,2.0252,-0.9619742722395832,,,,,
mp-555594,ZnS,938.1990805271352,4.140512733484914,Trigonal,48,"['S', 'Zn']",S-Zn,Zn,S,2.0252,-0.9619742722395832,,,,,
mp-555628,ZnS,938.6258387491232,4.138630196504454,Trigonal,48,"['S', 'Zn']",S-Zn,Zn,S,2.036,-1.061858272604167,,,,,
mp-555628,ZnS,938.6258387491232,4.138630196504454,Trigonal,48,"['S', 'Zn']",S-Zn,Zn,S,2.036,-1.061858272604167,,,,,
mp-555628,ZnS,938.6258387491232,4.138630196504454,Trigonal,48,"['S', 'Zn']",S-Zn,Zn,S,2.036,-1.061858272604167,,,,,
mp-555628,ZnS,938.6258387491232,4.138630196504454,Trigonal,48,"['S', 'Zn']",S-Zn,Zn,S,2.036,-0.9615629436979172,,,,,
mp-555628,ZnS,938.6258387491232,4.138630196504454,Trigonal,48,"['S', 'Zn']",S-Zn,Zn,S,2.036,-0.9615629436979172,,,,,
mp-555628,ZnS,938.6258387491232,4.138630196504454,Trigonal,48,"['S', 'Zn']",S-Zn,Zn,S,2.036,-0.9615629436979172,,,,,
mp-555628,ZnS,938.6258387491232,4.138630196504454,Trigonal,48,"['S', 'Zn']",S-Zn,Zn,S,2.036,-0.9615629436979172,,,,,
mp-555628,ZnS,938.6258387491232,4.138630196504454,Trigonal,48,"['S', 'Zn']",S-Zn,Zn,S,2.036,-0.9615629436979172,,,,,
mp-555628,ZnS,938.6258387491232,4.138630196504454,Trigonal,48,"['S', 'Zn']",S-Zn,Zn,S,2.036,-0.9615629436979172,,,,,
mp-555543,ZnS,938.2251895833624,4.14039751074205,Trigonal,48,"['S', 'Zn']",S-Zn,Zn,S,2.025,-1.0622963053125,,,,,
mp-555543,ZnS,938.2251895833624,4.14039751074205,Trigonal,48,"['S', 'Zn']",S-Zn,Zn,S,2.025,-1.0622963053125,,,,,
mp-555543,ZnS,938.2251895833624,4.14039751074205,Trigonal,48,"['S', 'Zn']",S-Zn,Zn,S,2.025,-1.0622963053125,,,,,
mp-555543,ZnS,938.2251895833624,4.14039751074205,Trigonal,48,"['S', 'Zn']",S-Zn,Zn,S,2.025,-0.9616303891145832,,,,,
mp-555543,ZnS,938.2251895833624,4.14039751074205,Trigonal,48,"['S', 'Zn']",S-Zn,Zn,S,2.025,-0.9616303891145832,,,,,
mp-555543,ZnS,938.2251895833624,4.14039751074205,Trigonal,48,"['S', 'Zn']",S-Zn,Zn,S,2.025,-0.9616303891145832,,,,,
mp-555543,ZnS,938.2251895833624,4.14039751074205,Trigonal,48,"['S', 'Zn']",S-Zn,Zn,S,2.025,-0.9616303891145832,,,,,
mp-555543,ZnS,938.2251895833624,4.14039751074205,Trigonal,48,"['S', 'Zn']",S-Zn,Zn,S,2.025,-0.9616303891145832,,,,,
mp-555543,ZnS,938.2251895833624,4.14039751074205,Trigonal,48,"['S', 'Zn']",S-Zn,Zn,S,2.025,-0.9616303891145832,,,,,
mp-556152,ZnS,703.9167460004576,4.138939648976525,Trigonal,36,"['S', 'Zn']",S-Zn,Zn,S,2.0263,-1.062135639618055,,,,,
mp-556152,ZnS,703.9167460004576,4.138939648976525,Trigonal,36,"['S', 'Zn']",S-Zn,Zn,S,2.0263,-1.062135639618055,,,,,
mp-556152,ZnS,703.9167460004576,4.138939648976525,Trigonal,36,"['S', 'Zn']",S-Zn,Zn,S,2.0263,-1.062135639618055,,,,,
mp-556152,ZnS,703.9167460004576,4.138939648976525,Trigonal,36,"['S', 'Zn']",S-Zn,Zn,S,2.0263,-0.96150495779514,,,,,
mp-556152,ZnS,703.9167460004576,4.138939648976525,Trigonal,36,"['S', 'Zn']",S-Zn,Zn,S,2.0263,-0.96150495779514,,,,,
mp-556152,ZnS,703.9167460004576,4.138939648976525,Trigonal,36,"['S', 'Zn']",S-Zn,Zn,S,2.0263,-0.96150495779514,,,,,
mp-556152,ZnS,703.9167460004576,4.138939648976525,Trigonal,36,"['S', 'Zn']",S-Zn,Zn,S,2.0263,-0.96150495779514,,,,,
mp-556152,ZnS,703.9167460004576,4.138939648976525,Trigonal,36,"['S', 'Zn']",S-Zn,Zn,S,2.0263,-0.96150495779514,,,,,
mp-556152,ZnS,703.9167460004576,4.138939648976525,Trigonal,36,"['S', 'Zn']",S-Zn,Zn,S,2.0263,-0.96150495779514,,,,,
mp-556207,ZnS,781.9956571680393,4.139649203780353,Trigonal,40,"['S', 'Zn']",S-Zn,Zn,S,2.0276,-1.061931633562499,,,,,
mp-556207,ZnS,781.9956571680393,4.139649203780353,Trigonal,40,"['S', 'Zn']",S-Zn,Zn,S,2.0276,-1.061931633562499,,,,,
mp-556207,ZnS,781.9956571680393,4.139649203780353,Trigonal,40,"['S', 'Zn']",S-Zn,Zn,S,2.0276,-1.061931633562499,,,,,
mp-556207,ZnS,781.9956571680393,4.139649203780353,Trigonal,40,"['S', 'Zn']",S-Zn,Zn,S,2.0276,-0.96162661590625,,,,,
mp-556207,ZnS,781.9956571680393,4.139649203780353,Trigonal,40,"['S', 'Zn']",S-Zn,Zn,S,2.0276,-0.96162661590625,,,,,
mp-556207,ZnS,781.9956571680393,4.139649203780353,Trigonal,40,"['S', 'Zn']",S-Zn,Zn,S,2.0276,-0.96162661590625,,,,,
mp-556207,ZnS,781.9956571680393,4.139649203780353,Trigonal,40,"['S', 'Zn']",S-Zn,Zn,S,2.0276,-0.96162661590625,,,,,
mp-556207,ZnS,781.9956571680393,4.139649203780353,Trigonal,40,"['S', 'Zn']",S-Zn,Zn,S,2.0276,-0.96162661590625,,,,,
mp-556207,ZnS,781.9956571680393,4.139649203780353,Trigonal,40,"['S', 'Zn']",S-Zn,Zn,S,2.0276,-0.96162661590625,,,,,
mp-556000,ZnS,860.871918989195,4.136395195341013,Trigonal,44,"['S', 'Zn']",S-Zn,Zn,S,2.0254,-1.0622713240625,,,,,
mp-556000,ZnS,860.871918989195,4.136395195341013,Trigonal,44,"['S', 'Zn']",S-Zn,Zn,S,2.0254,-1.0622713240625,,,,,
mp-556000,ZnS,860.871918989195,4.136395195341013,Trigonal,44,"['S', 'Zn']",S-Zn,Zn,S,2.0254,-1.0622713240625,,,,,
mp-556000,ZnS,860.871918989195,4.136395195341013,Trigonal,44,"['S', 'Zn']",S-Zn,Zn,S,2.0254,-0.9616068482244312,,,,,
mp-556000,ZnS,860.871918989195,4.136395195341013,Trigonal,44,"['S', 'Zn']",S-Zn,Zn,S,2.0254,-0.9616068482244312,,,,,
mp-556000,ZnS,860.871918989195,4.136395195341013,Trigonal,44,"['S', 'Zn']",S-Zn,Zn,S,2.0254,-0.9616068482244312,,,,,
mp-556000,ZnS,860.871918989195,4.136395195341013,Trigonal,44,"['S', 'Zn']",S-Zn,Zn,S,2.0254,-0.9616068482244312,,,,,
mp-556000,ZnS,860.871918989195,4.136395195341013,Trigonal,44,"['S', 'Zn']",S-Zn,Zn,S,2.0254,-0.9616068482244312,,,,,
mp-556000,ZnS,860.871918989195,4.136395195341013,Trigonal,44,"['S', 'Zn']",S-Zn,Zn,S,2.0254,-0.9616068482244312,,,,,
mp-556005,ZnS,312.560765385015,4.142794692184443,Trigonal,16,"['S', 'Zn']",S-Zn,Zn,S,2.0389,-1.061306397187499,,,,,
mp-556005,ZnS,312.560765385015,4.142794692184443,Trigonal,16,"['S', 'Zn']",S-Zn,Zn,S,2.0389,-1.061306397187499,,,,,
mp-556005,ZnS,312.560765385015,4.142794692184443,Trigonal,16,"['S', 'Zn']",S-Zn,Zn,S,2.0389,-1.061306397187499,,,,,
mp-556005,ZnS,312.560765385015,4.142794692184443,Trigonal,16,"['S', 'Zn']",S-Zn,Zn,S,2.0389,-0.9610413801562512,,,,,
mp-556005,ZnS,312.560765385015,4.142794692184443,Trigonal,16,"['S', 'Zn']",S-Zn,Zn,S,2.0389,-0.9610413801562512,,,,,
mp-556005,ZnS,312.560765385015,4.142794692184443,Trigonal,16,"['S', 'Zn']",S-Zn,Zn,S,2.0389,-0.9610413801562512,,,,,
mp-556005,ZnS,312.560765385015,4.142794692184443,Trigonal,16,"['S', 'Zn']",S-Zn,Zn,S,2.0389,-0.9610413801562512,,,,,
mp-556005,ZnS,312.560765385015,4.142794692184443,Trigonal,16,"['S', 'Zn']",S-Zn,Zn,S,2.0389,-0.9610413801562512,,,,,
mp-556005,ZnS,312.560765385015,4.142794692184443,Trigonal,16,"['S', 'Zn']",S-Zn,Zn,S,2.0389,-0.9610413801562512,,,,,
mp-556280,ZnS,781.8761387171566,4.140281995133783,Trigonal,40,"['S', 'Zn']",S-Zn,Zn,S,2.0238,-1.062194487062499,,,,,
mp-556280,ZnS,781.8761387171566,4.140281995133783,Trigonal,40,"['S', 'Zn']",S-Zn,Zn,S,2.0238,-1.062194487062499,,,,,
mp-556280,ZnS,781.8761387171566,4.140281995133783,Trigonal,40,"['S', 'Zn']",S-Zn,Zn,S,2.0238,-1.062194487062499,,,,,
mp-556280,ZnS,781.8761387171566,4.140281995133783,Trigonal,40,"['S', 'Zn']",S-Zn,Zn,S,2.0238,-0.9618587154062512,,,,,
mp-556280,ZnS,781.8761387171566,4.140281995133783,Trigonal,40,"['S', 'Zn']",S-Zn,Zn,S,2.0238,-0.9618587154062512,,,,,
mp-556280,ZnS,781.8761387171566,4.140281995133783,Trigonal,40,"['S', 'Zn']",S-Zn,Zn,S,2.0238,-0.9618587154062512,,,,,
mp-556280,ZnS,781.8761387171566,4.140281995133783,Trigonal,40,"['S', 'Zn']",S-Zn,Zn,S,2.0238,-0.9618587154062512,,,,,
mp-556280,ZnS,781.8761387171566,4.140281995133783,Trigonal,40,"['S', 'Zn']",S-Zn,Zn,S,2.0238,-0.9618587154062512,,,,,
mp-556280,ZnS,781.8761387171566,4.140281995133783,Trigonal,40,"['S', 'Zn']",S-Zn,Zn,S,2.0238,-0.9618587154062512,,,,,
mp-556395,ZnS,312.41883261585133,4.144676775661342,Trigonal,16,"['S', 'Zn']",S-Zn,Zn,S,1.9563,-1.0622759084375,,,,,
mp-556395,ZnS,312.41883261585133,4.144676775661342,Trigonal,16,"['S', 'Zn']",S-Zn,Zn,S,1.9563,-1.0622759084375,,,,,
mp-556395,ZnS,312.41883261585133,4.144676775661342,Trigonal,16,"['S', 'Zn']",S-Zn,Zn,S,1.9563,-1.0622759084375,,,,,
mp-556395,ZnS,312.41883261585133,4.144676775661342,Trigonal,16,"['S', 'Zn']",S-Zn,Zn,S,1.9563,-0.9616492439062512,,,,,
mp-556395,ZnS,312.41883261585133,4.144676775661342,Trigonal,16,"['S', 'Zn']",S-Zn,Zn,S,1.9563,-0.9616492439062512,,,,,
mp-556395,ZnS,312.41883261585133,4.144676775661342,Trigonal,16,"['S', 'Zn']",S-Zn,Zn,S,1.9563,-0.9616492439062512,,,,,
mp-556395,ZnS,312.41883261585133,4.144676775661342,Trigonal,16,"['S', 'Zn']",S-Zn,Zn,S,1.9563,-0.9616492439062512,,,,,
mp-556395,ZnS,312.41883261585133,4.144676775661342,Trigonal,16,"['S', 'Zn']",S-Zn,Zn,S,1.9563,-0.9616492439062512,,,,,
mp-556395,ZnS,312.41883261585133,4.144676775661342,Trigonal,16,"['S', 'Zn']",S-Zn,Zn,S,1.9563,-0.9616492439062512,,,,,
mp-555666,ZnS,1251.1950852149266,4.139642475017291,Trigonal,64,"['S', 'Zn']",S-Zn,Zn,S,1.858099999999999,-1.0622625446875,,,,,
mp-555666,ZnS,1251.1950852149266,4.139642475017291,Trigonal,64,"['S', 'Zn']",S-Zn,Zn,S,1.858099999999999,-1.0622625446875,,,,,
mp-555666,ZnS,1251.1950852149266,4.139642475017291,Trigonal,64,"['S', 'Zn']",S-Zn,Zn,S,1.858099999999999,-1.0622625446875,,,,,
mp-555666,ZnS,1251.1950852149266,4.139642475017291,Trigonal,64,"['S', 'Zn']",S-Zn,Zn,S,1.858099999999999,-0.961936044375001,,,,,
mp-555666,ZnS,1251.1950852149266,4.139642475017291,Trigonal,64,"['S', 'Zn']",S-Zn,Zn,S,1.858099999999999,-0.961936044375001,,,,,
mp-555666,ZnS,1251.1950852149266,4.139642475017291,Trigonal,64,"['S', 'Zn']",S-Zn,Zn,S,1.858099999999999,-0.961936044375001,,,,,
mp-555666,ZnS,1251.1950852149266,4.139642475017291,Trigonal,64,"['S', 'Zn']",S-Zn,Zn,S,1.858099999999999,-0.961936044375001,,,,,
mp-555666,ZnS,1251.1950852149266,4.139642475017291,Trigonal,64,"['S', 'Zn']",S-Zn,Zn,S,1.858099999999999,-0.961936044375001,,,,,
mp-555666,ZnS,1251.1950852149266,4.139642475017291,Trigonal,64,"['S', 'Zn']",S-Zn,Zn,S,1.858099999999999,-0.961936044375001,,,,,
mp-555782,ZnS,781.817768462268,4.140591107212218,Trigonal,40,"['S', 'Zn']",S-Zn,Zn,S,1.9917,-1.0621937885625,,,,,
mp-555782,ZnS,781.817768462268,4.140591107212218,Trigonal,40,"['S', 'Zn']",S-Zn,Zn,S,1.9917,-1.0621937885625,,,,,
mp-555782,ZnS,781.817768462268,4.140591107212218,Trigonal,40,"['S', 'Zn']",S-Zn,Zn,S,1.9917,-1.0621937885625,,,,,
mp-555782,ZnS,781.817768462268,4.140591107212218,Trigonal,40,"['S', 'Zn']",S-Zn,Zn,S,1.9917,-0.96185376340625,,,,,
mp-555782,ZnS,781.817768462268,4.140591107212218,Trigonal,40,"['S', 'Zn']",S-Zn,Zn,S,1.9917,-0.96185376340625,,,,,
mp-555782,ZnS,781.817768462268,4.140591107212218,Trigonal,40,"['S', 'Zn']",S-Zn,Zn,S,1.9917,-0.96185376340625,,,,,
mp-555782,ZnS,781.817768462268,4.140591107212218,Trigonal,40,"['S', 'Zn']",S-Zn,Zn,S,1.9917,-0.96185376340625,,,,,
mp-555782,ZnS,781.817768462268,4.140591107212218,Trigonal,40,"['S', 'Zn']",S-Zn,Zn,S,1.9917,-0.96185376340625,,,,,
mp-555782,ZnS,781.817768462268,4.140591107212218,Trigonal,40,"['S', 'Zn']",S-Zn,Zn,S,1.9917,-0.96185376340625,,,,,
mp-556155,ZnS,781.8216806407379,4.140570387997359,Trigonal,40,"['S', 'Zn']",S-Zn,Zn,S,2.0223,-1.062195234062499,,,,,
mp-556155,ZnS,781.8216806407379,4.140570387997359,Trigonal,40,"['S', 'Zn']",S-Zn,Zn,S,2.0223,-1.062195234062499,,,,,
mp-556155,ZnS,781.8216806407379,4.140570387997359,Trigonal,40,"['S', 'Zn']",S-Zn,Zn,S,2.0223,-1.062195234062499,,,,,
mp-556155,ZnS,781.8216806407379,4.140570387997359,Trigonal,40,"['S', 'Zn']",S-Zn,Zn,S,2.0223,-0.96186887865625,,,,,
mp-556155,ZnS,781.8216806407379,4.140570387997359,Trigonal,40,"['S', 'Zn']",S-Zn,Zn,S,2.0223,-0.96186887865625,,,,,
mp-556155,ZnS,781.8216806407379,4.140570387997359,Trigonal,40,"['S', 'Zn']",S-Zn,Zn,S,2.0223,-0.96186887865625,,,,,
mp-556155,ZnS,781.8216806407379,4.140570387997359,Trigonal,40,"['S', 'Zn']",S-Zn,Zn,S,2.0223,-0.96186887865625,,,,,
mp-556155,ZnS,781.8216806407379,4.140570387997359,Trigonal,40,"['S', 'Zn']",S-Zn,Zn,S,2.0223,-0.96186887865625,,,,,
mp-556155,ZnS,781.8216806407379,4.140570387997359,Trigonal,40,"['S', 'Zn']",S-Zn,Zn,S,2.0223,-0.96186887865625,,,,,
mp-556392,ZnS,547.9458089811175,4.135502731378398,Trigonal,28,"['S', 'Zn']",S-Zn,Zn,S,2.0369,-1.061950942633928,,,,,
mp-556392,ZnS,547.9458089811175,4.135502731378398,Trigonal,28,"['S', 'Zn']",S-Zn,Zn,S,2.0369,-1.061950942633928,,,,,
mp-556392,ZnS,547.9458089811175,4.135502731378398,Trigonal,28,"['S', 'Zn']",S-Zn,Zn,S,2.0369,-1.061950942633928,,,,,
mp-556392,ZnS,547.9458089811175,4.135502731378398,Trigonal,28,"['S', 'Zn']",S-Zn,Zn,S,2.0369,-0.961317249977678,,,,,
mp-556392,ZnS,547.9458089811175,4.135502731378398,Trigonal,28,"['S', 'Zn']",S-Zn,Zn,S,2.0369,-0.961317249977678,,,,,
mp-556392,ZnS,547.9458089811175,4.135502731378398,Trigonal,28,"['S', 'Zn']",S-Zn,Zn,S,2.0369,-0.961317249977678,,,,,
mp-556392,ZnS,547.9458089811175,4.135502731378398,Trigonal,28,"['S', 'Zn']",S-Zn,Zn,S,2.0369,-0.961317249977678,,,,,
mp-556392,ZnS,547.9458089811175,4.135502731378398,Trigonal,28,"['S', 'Zn']",S-Zn,Zn,S,2.0369,-0.961317249977678,,,,,
mp-556392,ZnS,547.9458089811175,4.135502731378398,Trigonal,28,"['S', 'Zn']",S-Zn,Zn,S,2.0369,-0.961317249977678,,,,,
mp-556732,ZnS,781.7290596531898,4.141060971932565,Trigonal,40,"['S', 'Zn']",S-Zn,Zn,S,2.0239,-1.0621945878125,,,,,
mp-556732,ZnS,781.7290596531898,4.141060971932565,Trigonal,40,"['S', 'Zn']",S-Zn,Zn,S,2.0239,-1.0621945878125,,,,,
mp-556732,ZnS,781.7290596531898,4.141060971932565,Trigonal,40,"['S', 'Zn']",S-Zn,Zn,S,2.0239,-1.0621945878125,,,,,
mp-556732,ZnS,781.7290596531898,4.141060971932565,Trigonal,40,"['S', 'Zn']",S-Zn,Zn,S,2.0239,-0.9618632891562492,,,,,
mp-556732,ZnS,781.7290596531898,4.141060971932565,Trigonal,40,"['S', 'Zn']",S-Zn,Zn,S,2.0239,-0.9618632891562492,,,,,
mp-556732,ZnS,781.7290596531898,4.141060971932565,Trigonal,40,"['S', 'Zn']",S-Zn,Zn,S,2.0239,-0.9618632891562492,,,,,
mp-556732,ZnS,781.7290596531898,4.141060971932565,Trigonal,40,"['S', 'Zn']",S-Zn,Zn,S,2.0239,-0.9618632891562492,,,,,
mp-556732,ZnS,781.7290596531898,4.141060971932565,Trigonal,40,"['S', 'Zn']",S-Zn,Zn,S,2.0239,-0.9618632891562492,,,,,
mp-556732,ZnS,781.7290596531898,4.141060971932565,Trigonal,40,"['S', 'Zn']",S-Zn,Zn,S,2.0239,-0.9618632891562492,,,,,
mp-555583,ZnS,939.2889252522511,4.135708550404982,Trigonal,48,"['S', 'Zn']",S-Zn,Zn,S,2.03,-1.062076783854166,,,,,
mp-555583,ZnS,939.2889252522511,4.135708550404982,Trigonal,48,"['S', 'Zn']",S-Zn,Zn,S,2.03,-1.062076783854166,,,,,
mp-555583,ZnS,939.2889252522511,4.135708550404982,Trigonal,48,"['S', 'Zn']",S-Zn,Zn,S,2.03,-1.062076783854166,,,,,
mp-555583,ZnS,939.2889252522511,4.135708550404982,Trigonal,48,"['S', 'Zn']",S-Zn,Zn,S,2.03,-0.961770070572916,,,,,
mp-555583,ZnS,939.2889252522511,4.135708550404982,Trigonal,48,"['S', 'Zn']",S-Zn,Zn,S,2.03,-0.961770070572916,,,,,
mp-555583,ZnS,939.2889252522511,4.135708550404982,Trigonal,48,"['S', 'Zn']",S-Zn,Zn,S,2.03,-0.961770070572916,,,,,
mp-555583,ZnS,939.2889252522511,4.135708550404982,Trigonal,48,"['S', 'Zn']",S-Zn,Zn,S,2.03,-0.961770070572916,,,,,
mp-555583,ZnS,939.2889252522511,4.135708550404982,Trigonal,48,"['S', 'Zn']",S-Zn,Zn,S,2.03,-0.961770070572916,,,,,
mp-555583,ZnS,939.2889252522511,4.135708550404982,Trigonal,48,"['S', 'Zn']",S-Zn,Zn,S,2.03,-0.961770070572916,,,,,
mp-556485,ZnS,495.3875307001958,3.920794326389074,Trigonal,24,"['S', 'Zn']",S-Zn,Zn,S,0.0,-0.8525377432291671,,,,,
mp-556485,ZnS,495.3875307001958,3.920794326389074,Trigonal,24,"['S', 'Zn']",S-Zn,Zn,S,0.0,-0.8525377432291671,,,,,
mp-556485,ZnS,495.3875307001958,3.920794326389074,Trigonal,24,"['S', 'Zn']",S-Zn,Zn,S,0.0,-0.7516237509300601,,,,,
mp-556485,ZnS,495.3875307001958,3.920794326389074,Trigonal,24,"['S', 'Zn']",S-Zn,Zn,S,0.0,-0.7516237509300601,,,,,
mp-556448,ZnS,703.738605527868,4.139987357116019,Trigonal,36,"['S', 'Zn']",S-Zn,Zn,S,2.015799999999999,-1.062426765173611,,,,,
mp-556448,ZnS,703.738605527868,4.139987357116019,Trigonal,36,"['S', 'Zn']",S-Zn,Zn,S,2.015799999999999,-1.062426765173611,,,,,
mp-556448,ZnS,703.738605527868,4.139987357116019,Trigonal,36,"['S', 'Zn']",S-Zn,Zn,S,2.015799999999999,-1.062426765173611,,,,,
mp-556448,ZnS,703.738605527868,4.139987357116019,Trigonal,36,"['S', 'Zn']",S-Zn,Zn,S,2.015799999999999,-0.962095095572918,,,,,
mp-556448,ZnS,703.738605527868,4.139987357116019,Trigonal,36,"['S', 'Zn']",S-Zn,Zn,S,2.015799999999999,-0.962095095572918,,,,,
mp-556448,ZnS,703.738605527868,4.139987357116019,Trigonal,36,"['S', 'Zn']",S-Zn,Zn,S,2.015799999999999,-0.962095095572918,,,,,
mp-556448,ZnS,703.738605527868,4.139987357116019,Trigonal,36,"['S', 'Zn']",S-Zn,Zn,S,2.015799999999999,-0.962095095572918,,,,,
mp-556448,ZnS,703.738605527868,4.139987357116019,Trigonal,36,"['S', 'Zn']",S-Zn,Zn,S,2.015799999999999,-0.962095095572918,,,,,
mp-556448,ZnS,703.738605527868,4.139987357116019,Trigonal,36,"['S', 'Zn']",S-Zn,Zn,S,2.015799999999999,-0.962095095572918,,,,,
mp-555779,ZnS,625.5876647054982,4.139707839129861,Trigonal,32,"['S', 'Zn']",S-Zn,Zn,S,2.0195,-1.06241870875,,,,,
mp-555779,ZnS,625.5876647054982,4.139707839129861,Trigonal,32,"['S', 'Zn']",S-Zn,Zn,S,2.0195,-1.06241870875,,,,,
mp-555779,ZnS,625.5876647054982,4.139707839129861,Trigonal,32,"['S', 'Zn']",S-Zn,Zn,S,2.0195,-1.06241870875,,,,,
mp-555779,ZnS,625.5876647054982,4.139707839129861,Trigonal,32,"['S', 'Zn']",S-Zn,Zn,S,2.0195,-0.96204220890625,,,,,
mp-555779,ZnS,625.5876647054982,4.139707839129861,Trigonal,32,"['S', 'Zn']",S-Zn,Zn,S,2.0195,-0.96204220890625,,,,,
mp-555779,ZnS,625.5876647054982,4.139707839129861,Trigonal,32,"['S', 'Zn']",S-Zn,Zn,S,2.0195,-0.96204220890625,,,,,
mp-555779,ZnS,625.5876647054982,4.139707839129861,Trigonal,32,"['S', 'Zn']",S-Zn,Zn,S,2.0195,-0.96204220890625,,,,,
mp-555779,ZnS,625.5876647054982,4.139707839129861,Trigonal,32,"['S', 'Zn']",S-Zn,Zn,S,2.0195,-0.96204220890625,,,,,
mp-555779,ZnS,625.5876647054982,4.139707839129861,Trigonal,32,"['S', 'Zn']",S-Zn,Zn,S,2.0195,-0.96204220890625,,,,,
mp-556363,ZnS,703.7521789342534,4.139907508367396,Trigonal,36,"['S', 'Zn']",S-Zn,Zn,S,2.0282,-1.062136199340277,,,,,
mp-556363,ZnS,703.7521789342534,4.139907508367396,Trigonal,36,"['S', 'Zn']",S-Zn,Zn,S,2.0282,-1.062136199340277,,,,,
mp-556363,ZnS,703.7521789342534,4.139907508367396,Trigonal,36,"['S', 'Zn']",S-Zn,Zn,S,2.0282,-1.062136199340277,,,,,
mp-556363,ZnS,703.7521789342534,4.139907508367396,Trigonal,36,"['S', 'Zn']",S-Zn,Zn,S,2.0282,-0.961806524461806,,,,,
mp-556363,ZnS,703.7521789342534,4.139907508367396,Trigonal,36,"['S', 'Zn']",S-Zn,Zn,S,2.0282,-0.961806524461806,,,,,
mp-556363,ZnS,703.7521789342534,4.139907508367396,Trigonal,36,"['S', 'Zn']",S-Zn,Zn,S,2.0282,-0.961806524461806,,,,,
mp-556363,ZnS,703.7521789342534,4.139907508367396,Trigonal,36,"['S', 'Zn']",S-Zn,Zn,S,2.0282,-0.961806524461806,,,,,
mp-556363,ZnS,703.7521789342534,4.139907508367396,Trigonal,36,"['S', 'Zn']",S-Zn,Zn,S,2.0282,-0.961806524461806,,,,,
mp-556363,ZnS,703.7521789342534,4.139907508367396,Trigonal,36,"['S', 'Zn']",S-Zn,Zn,S,2.0282,-0.961806524461806,,,,,
mp-556716,ZnS,547.5421727421269,4.138551334485021,Trigonal,28,"['S', 'Zn']",S-Zn,Zn,S,1.213299999999999,-1.063131414419642,,,,,
mp-556716,ZnS,547.5421727421269,4.138551334485021,Trigonal,28,"['S', 'Zn']",S-Zn,Zn,S,1.213299999999999,-1.063131414419642,,,,,
mp-556716,ZnS,547.5421727421269,4.138551334485021,Trigonal,28,"['S', 'Zn']",S-Zn,Zn,S,1.213299999999999,-1.063131414419642,,,,,
mp-556716,ZnS,547.5421727421269,4.138551334485021,Trigonal,28,"['S', 'Zn']",S-Zn,Zn,S,1.213299999999999,-0.961243709977679,,,,,
mp-556716,ZnS,547.5421727421269,4.138551334485021,Trigonal,28,"['S', 'Zn']",S-Zn,Zn,S,1.213299999999999,-0.961243709977679,,,,,
mp-556716,ZnS,547.5421727421269,4.138551334485021,Trigonal,28,"['S', 'Zn']",S-Zn,Zn,S,1.213299999999999,-0.961243709977679,,,,,
mp-556716,ZnS,547.5421727421269,4.138551334485021,Trigonal,28,"['S', 'Zn']",S-Zn,Zn,S,1.213299999999999,-0.961243709977679,,,,,
mp-556716,ZnS,547.5421727421269,4.138551334485021,Trigonal,28,"['S', 'Zn']",S-Zn,Zn,S,1.213299999999999,-0.961243709977679,,,,,
mp-556716,ZnS,547.5421727421269,4.138551334485021,Trigonal,28,"['S', 'Zn']",S-Zn,Zn,S,1.213299999999999,-0.961243709977679,,,,,
mp-556950,ZnS,625.5037031536903,4.140263513368803,Trigonal,32,"['S', 'Zn']",S-Zn,Zn,S,2.032299999999999,-1.062089759687499,,,,,
mp-556950,ZnS,625.5037031536903,4.140263513368803,Trigonal,32,"['S', 'Zn']",S-Zn,Zn,S,2.032299999999999,-1.062089759687499,,,,,
mp-556950,ZnS,625.5037031536903,4.140263513368803,Trigonal,32,"['S', 'Zn']",S-Zn,Zn,S,2.032299999999999,-1.062089759687499,,,,,
mp-556950,ZnS,625.5037031536903,4.140263513368803,Trigonal,32,"['S', 'Zn']",S-Zn,Zn,S,2.032299999999999,-0.961743312968751,,,,,
mp-556950,ZnS,625.5037031536903,4.140263513368803,Trigonal,32,"['S', 'Zn']",S-Zn,Zn,S,2.032299999999999,-0.961743312968751,,,,,
mp-556950,ZnS,625.5037031536903,4.140263513368803,Trigonal,32,"['S', 'Zn']",S-Zn,Zn,S,2.032299999999999,-0.961743312968751,,,,,
mp-556950,ZnS,625.5037031536903,4.140263513368803,Trigonal,32,"['S', 'Zn']",S-Zn,Zn,S,2.032299999999999,-0.961743312968751,,,,,
mp-556950,ZnS,625.5037031536903,4.140263513368803,Trigonal,32,"['S', 'Zn']",S-Zn,Zn,S,2.032299999999999,-0.961743312968751,,,,,
mp-556950,ZnS,625.5037031536903,4.140263513368803,Trigonal,32,"['S', 'Zn']",S-Zn,Zn,S,2.032299999999999,-0.961743312968751,,,,,
mp-556775,ZnS,625.7453896855881,4.138664387036938,Trigonal,32,"['S', 'Zn']",S-Zn,Zn,S,2.0399,-1.061762631874999,,,,,
mp-556775,ZnS,625.7453896855881,4.138664387036938,Trigonal,32,"['S', 'Zn']",S-Zn,Zn,S,2.0399,-1.061762631874999,,,,,
mp-556775,ZnS,625.7453896855881,4.138664387036938,Trigonal,32,"['S', 'Zn']",S-Zn,Zn,S,2.0399,-1.061762631874999,,,,,
mp-556775,ZnS,625.7453896855881,4.138664387036938,Trigonal,32,"['S', 'Zn']",S-Zn,Zn,S,2.0399,-0.96145137234375,,,,,
mp-556775,ZnS,625.7453896855881,4.138664387036938,Trigonal,32,"['S', 'Zn']",S-Zn,Zn,S,2.0399,-0.96145137234375,,,,,
mp-556775,ZnS,625.7453896855881,4.138664387036938,Trigonal,32,"['S', 'Zn']",S-Zn,Zn,S,2.0399,-0.96145137234375,,,,,
mp-556775,ZnS,625.7453896855881,4.138664387036938,Trigonal,32,"['S', 'Zn']",S-Zn,Zn,S,2.0399,-0.96145137234375,,,,,
mp-556775,ZnS,625.7453896855881,4.138664387036938,Trigonal,32,"['S', 'Zn']",S-Zn,Zn,S,2.0399,-0.96145137234375,,,,,
mp-556775,ZnS,625.7453896855881,4.138664387036938,Trigonal,32,"['S', 'Zn']",S-Zn,Zn,S,2.0399,-0.96145137234375,,,,,
mp-556815,ZnS,547.5848904962562,4.138228481131274,Trigonal,28,"['S', 'Zn']",S-Zn,Zn,S,2.0421,-1.061524143705357,,,,,
mp-556815,ZnS,547.5848904962562,4.138228481131274,Trigonal,28,"['S', 'Zn']",S-Zn,Zn,S,2.0421,-1.061524143705357,,,,,
mp-556815,ZnS,547.5848904962562,4.138228481131274,Trigonal,28,"['S', 'Zn']",S-Zn,Zn,S,2.0421,-1.061524143705357,,,,,
mp-556815,ZnS,547.5848904962562,4.138228481131274,Trigonal,28,"['S', 'Zn']",S-Zn,Zn,S,2.0421,-0.961254834977678,,,,,
mp-556815,ZnS,547.5848904962562,4.138228481131274,Trigonal,28,"['S', 'Zn']",S-Zn,Zn,S,2.0421,-0.961254834977678,,,,,
mp-556815,ZnS,547.5848904962562,4.138228481131274,Trigonal,28,"['S', 'Zn']",S-Zn,Zn,S,2.0421,-0.961254834977678,,,,,
mp-556815,ZnS,547.5848904962562,4.138228481131274,Trigonal,28,"['S', 'Zn']",S-Zn,Zn,S,2.0421,-0.961254834977678,,,,,
mp-556815,ZnS,547.5848904962562,4.138228481131274,Trigonal,28,"['S', 'Zn']",S-Zn,Zn,S,2.0421,-0.961254834977678,,,,,
mp-556815,ZnS,547.5848904962562,4.138228481131274,Trigonal,28,"['S', 'Zn']",S-Zn,Zn,S,2.0421,-0.961254834977678,,,,,
mp-556784,ZnS,860.0179119636547,4.140502680206261,Trigonal,44,"['S', 'Zn']",S-Zn,Zn,S,1.992,-1.062511902471591,,,,,
mp-556784,ZnS,860.0179119636547,4.140502680206261,Trigonal,44,"['S', 'Zn']",S-Zn,Zn,S,1.992,-1.062511902471591,,,,,
mp-556784,ZnS,860.0179119636547,4.140502680206261,Trigonal,44,"['S', 'Zn']",S-Zn,Zn,S,1.992,-1.062511902471591,,,,,
mp-556784,ZnS,860.0179119636547,4.140502680206261,Trigonal,44,"['S', 'Zn']",S-Zn,Zn,S,1.992,-0.962145614588067,,,,,
mp-556784,ZnS,860.0179119636547,4.140502680206261,Trigonal,44,"['S', 'Zn']",S-Zn,Zn,S,1.992,-0.962145614588067,,,,,
mp-556784,ZnS,860.0179119636547,4.140502680206261,Trigonal,44,"['S', 'Zn']",S-Zn,Zn,S,1.992,-0.962145614588067,,,,,
mp-556784,ZnS,860.0179119636547,4.140502680206261,Trigonal,44,"['S', 'Zn']",S-Zn,Zn,S,1.992,-0.962145614588067,,,,,
mp-556784,ZnS,860.0179119636547,4.140502680206261,Trigonal,44,"['S', 'Zn']",S-Zn,Zn,S,1.992,-0.962145614588067,,,,,
mp-556784,ZnS,860.0179119636547,4.140502680206261,Trigonal,44,"['S', 'Zn']",S-Zn,Zn,S,1.992,-0.962145614588067,,,,,
mp-556989,ZnS,705.0317461793645,4.13239396011343,Trigonal,36,"['S', 'Zn']",S-Zn,Zn,S,2.0305,-1.061838797673611,,,,,
mp-556989,ZnS,705.0317461793645,4.13239396011343,Trigonal,36,"['S', 'Zn']",S-Zn,Zn,S,2.0305,-1.061838797673611,,,,,
mp-556989,ZnS,705.0317461793645,4.13239396011343,Trigonal,36,"['S', 'Zn']",S-Zn,Zn,S,2.0305,-1.061838797673611,,,,,
mp-556989,ZnS,705.0317461793645,4.13239396011343,Trigonal,36,"['S', 'Zn']",S-Zn,Zn,S,2.0305,-0.9612408289062512,,,,,
mp-556989,ZnS,705.0317461793645,4.13239396011343,Trigonal,36,"['S', 'Zn']",S-Zn,Zn,S,2.0305,-0.9612408289062512,,,,,
mp-556989,ZnS,705.0317461793645,4.13239396011343,Trigonal,36,"['S', 'Zn']",S-Zn,Zn,S,2.0305,-0.9612408289062512,,,,,
mp-556989,ZnS,705.0317461793645,4.13239396011343,Trigonal,36,"['S', 'Zn']",S-Zn,Zn,S,2.0305,-0.9612408289062512,,,,,
mp-556989,ZnS,705.0317461793645,4.13239396011343,Trigonal,36,"['S', 'Zn']",S-Zn,Zn,S,2.0305,-0.9612408289062512,,,,,
mp-556989,ZnS,705.0317461793645,4.13239396011343,Trigonal,36,"['S', 'Zn']",S-Zn,Zn,S,2.0305,-0.9612408289062512,,,,,
mp-557026,ZnS,703.7083016729217,4.140165637770164,Trigonal,36,"['S', 'Zn']",S-Zn,Zn,S,2.023,-1.0621338051736111,,,,,
mp-557026,ZnS,703.7083016729217,4.140165637770164,Trigonal,36,"['S', 'Zn']",S-Zn,Zn,S,2.023,-1.0621338051736111,,,,,
mp-557026,ZnS,703.7083016729217,4.140165637770164,Trigonal,36,"['S', 'Zn']",S-Zn,Zn,S,2.023,-1.0621338051736111,,,,,
mp-557026,ZnS,703.7083016729217,4.140165637770164,Trigonal,36,"['S', 'Zn']",S-Zn,Zn,S,2.023,-0.9618144119618072,,,,,
mp-557026,ZnS,703.7083016729217,4.140165637770164,Trigonal,36,"['S', 'Zn']",S-Zn,Zn,S,2.023,-0.9618144119618072,,,,,
mp-557026,ZnS,703.7083016729217,4.140165637770164,Trigonal,36,"['S', 'Zn']",S-Zn,Zn,S,2.023,-0.9618144119618072,,,,,
mp-557026,ZnS,703.7083016729217,4.140165637770164,Trigonal,36,"['S', 'Zn']",S-Zn,Zn,S,2.023,-0.9618144119618072,,,,,
mp-557026,ZnS,703.7083016729217,4.140165637770164,Trigonal,36,"['S', 'Zn']",S-Zn,Zn,S,2.023,-0.9618144119618072,,,,,
mp-557026,ZnS,703.7083016729217,4.140165637770164,Trigonal,36,"['S', 'Zn']",S-Zn,Zn,S,2.023,-0.9618144119618072,,,,,
mp-557009,ZnS,781.9485419329196,4.139898632655899,Trigonal,40,"['S', 'Zn']",S-Zn,Zn,S,2.0302,-1.0619289030625,,,,,
mp-557009,ZnS,781.9485419329196,4.139898632655899,Trigonal,40,"['S', 'Zn']",S-Zn,Zn,S,2.0302,-1.0619289030625,,,,,
mp-557009,ZnS,781.9485419329196,4.139898632655899,Trigonal,40,"['S', 'Zn']",S-Zn,Zn,S,2.0302,-1.0619289030625,,,,,
mp-557009,ZnS,781.9485419329196,4.139898632655899,Trigonal,40,"['S', 'Zn']",S-Zn,Zn,S,2.0302,-0.96162488165625,,,,,
mp-557009,ZnS,781.9485419329196,4.139898632655899,Trigonal,40,"['S', 'Zn']",S-Zn,Zn,S,2.0302,-0.96162488165625,,,,,
mp-557009,ZnS,781.9485419329196,4.139898632655899,Trigonal,40,"['S', 'Zn']",S-Zn,Zn,S,2.0302,-0.96162488165625,,,,,
mp-557009,ZnS,781.9485419329196,4.139898632655899,Trigonal,40,"['S', 'Zn']",S-Zn,Zn,S,2.0302,-0.96162488165625,,,,,
mp-557009,ZnS,781.9485419329196,4.139898632655899,Trigonal,40,"['S', 'Zn']",S-Zn,Zn,S,2.0302,-0.96162488165625,,,,,
mp-557009,ZnS,781.9485419329196,4.139898632655899,Trigonal,40,"['S', 'Zn']",S-Zn,Zn,S,2.0302,-0.96162488165625,,,,,
mp-557175,ZnS,703.6637143353962,4.14042797751988,Trigonal,36,"['S', 'Zn']",S-Zn,Zn,S,2.027199999999999,-1.0621346190625,,,,,
mp-557175,ZnS,703.6637143353962,4.14042797751988,Trigonal,36,"['S', 'Zn']",S-Zn,Zn,S,2.027199999999999,-1.0621346190625,,,,,
mp-557175,ZnS,703.6637143353962,4.14042797751988,Trigonal,36,"['S', 'Zn']",S-Zn,Zn,S,2.027199999999999,-1.0621346190625,,,,,
mp-557175,ZnS,703.6637143353962,4.14042797751988,Trigonal,36,"['S', 'Zn']",S-Zn,Zn,S,2.027199999999999,-0.961819713072917,,,,,
mp-557175,ZnS,703.6637143353962,4.14042797751988,Trigonal,36,"['S', 'Zn']",S-Zn,Zn,S,2.027199999999999,-0.961819713072917,,,,,
mp-557175,ZnS,703.6637143353962,4.14042797751988,Trigonal,36,"['S', 'Zn']",S-Zn,Zn,S,2.027199999999999,-0.961819713072917,,,,,
mp-557175,ZnS,703.6637143353962,4.14042797751988,Trigonal,36,"['S', 'Zn']",S-Zn,Zn,S,2.027199999999999,-0.961819713072917,,,,,
mp-557175,ZnS,703.6637143353962,4.14042797751988,Trigonal,36,"['S', 'Zn']",S-Zn,Zn,S,2.027199999999999,-0.961819713072917,,,,,
mp-557175,ZnS,703.6637143353962,4.14042797751988,Trigonal,36,"['S', 'Zn']",S-Zn,Zn,S,2.027199999999999,-0.961819713072917,,,,,
mp-557308,ZnS,391.1102609000953,4.138459180418014,Trigonal,20,"['S', 'Zn']",S-Zn,Zn,S,2.0245,-1.062372690562499,,,,,
mp-557308,ZnS,391.1102609000953,4.138459180418014,Trigonal,20,"['S', 'Zn']",S-Zn,Zn,S,2.0245,-1.062372690562499,,,,,
mp-557308,ZnS,391.1102609000953,4.138459180418014,Trigonal,20,"['S', 'Zn']",S-Zn,Zn,S,2.0245,-1.062372690562499,,,,,
mp-557308,ZnS,391.1102609000953,4.138459180418014,Trigonal,20,"['S', 'Zn']",S-Zn,Zn,S,2.0245,-0.96186194990625,,,,,
mp-557308,ZnS,391.1102609000953,4.138459180418014,Trigonal,20,"['S', 'Zn']",S-Zn,Zn,S,2.0245,-0.96186194990625,,,,,
mp-557308,ZnS,391.1102609000953,4.138459180418014,Trigonal,20,"['S', 'Zn']",S-Zn,Zn,S,2.0245,-0.96186194990625,,,,,
mp-557308,ZnS,391.1102609000953,4.138459180418014,Trigonal,20,"['S', 'Zn']",S-Zn,Zn,S,2.0245,-0.96186194990625,,,,,
mp-557308,ZnS,391.1102609000953,4.138459180418014,Trigonal,20,"['S', 'Zn']",S-Zn,Zn,S,2.0245,-0.96186194990625,,,,,
mp-557308,ZnS,391.1102609000953,4.138459180418014,Trigonal,20,"['S', 'Zn']",S-Zn,Zn,S,2.0245,-0.96186194990625,,,,,
mp-557062,ZnS,782.7085659514288,4.135878717029721,Trigonal,40,"['S', 'Zn']",S-Zn,Zn,S,2.0301,-1.061931687812499,,,,,
mp-557062,ZnS,782.7085659514288,4.135878717029721,Trigonal,40,"['S', 'Zn']",S-Zn,Zn,S,2.0301,-1.061931687812499,,,,,
mp-557062,ZnS,782.7085659514288,4.135878717029721,Trigonal,40,"['S', 'Zn']",S-Zn,Zn,S,2.0301,-1.061931687812499,,,,,
mp-557062,ZnS,782.7085659514288,4.135878717029721,Trigonal,40,"['S', 'Zn']",S-Zn,Zn,S,2.0301,-0.96162693840625,,,,,
mp-557062,ZnS,782.7085659514288,4.135878717029721,Trigonal,40,"['S', 'Zn']",S-Zn,Zn,S,2.0301,-0.96162693840625,,,,,
mp-557062,ZnS,782.7085659514288,4.135878717029721,Trigonal,40,"['S', 'Zn']",S-Zn,Zn,S,2.0301,-0.96162693840625,,,,,
mp-557062,ZnS,782.7085659514288,4.135878717029721,Trigonal,40,"['S', 'Zn']",S-Zn,Zn,S,2.0301,-0.96162693840625,,,,,
mp-557062,ZnS,782.7085659514288,4.135878717029721,Trigonal,40,"['S', 'Zn']",S-Zn,Zn,S,2.0301,-0.96162693840625,,,,,
mp-557062,ZnS,782.7085659514288,4.135878717029721,Trigonal,40,"['S', 'Zn']",S-Zn,Zn,S,2.0301,-0.96162693840625,,,,,
mp-557054,ZnS,548.3203329263071,4.132678023438001,Trigonal,28,"['S', 'Zn']",S-Zn,Zn,S,1.689499999999999,-1.062054270848214,,,,,
mp-557054,ZnS,548.3203329263071,4.132678023438001,Trigonal,28,"['S', 'Zn']",S-Zn,Zn,S,1.689499999999999,-1.062054270848214,,,,,
mp-557054,ZnS,548.3203329263071,4.132678023438001,Trigonal,28,"['S', 'Zn']",S-Zn,Zn,S,1.689499999999999,-1.062054270848214,,,,,
mp-557054,ZnS,548.3203329263071,4.132678023438001,Trigonal,28,"['S', 'Zn']",S-Zn,Zn,S,1.689499999999999,-0.960958702834822,,,,,
mp-557054,ZnS,548.3203329263071,4.132678023438001,Trigonal,28,"['S', 'Zn']",S-Zn,Zn,S,1.689499999999999,-0.960958702834822,,,,,
mp-557054,ZnS,548.3203329263071,4.132678023438001,Trigonal,28,"['S', 'Zn']",S-Zn,Zn,S,1.689499999999999,-0.960958702834822,,,,,
mp-557054,ZnS,548.3203329263071,4.132678023438001,Trigonal,28,"['S', 'Zn']",S-Zn,Zn,S,1.689499999999999,-0.960958702834822,,,,,
mp-557054,ZnS,548.3203329263071,4.132678023438001,Trigonal,28,"['S', 'Zn']",S-Zn,Zn,S,1.689499999999999,-0.960958702834822,,,,,
mp-557054,ZnS,548.3203329263071,4.132678023438001,Trigonal,28,"['S', 'Zn']",S-Zn,Zn,S,1.689499999999999,-0.960958702834822,,,,,
mp-557058,ZnS,494.0271897235915,3.9315905280839822,Trigonal,24,"['S', 'Zn']",S-Zn,Zn,S,0.0,-0.855361621145833,,,,,
mp-557058,ZnS,494.0271897235915,3.9315905280839822,Trigonal,24,"['S', 'Zn']",S-Zn,Zn,S,0.0,-0.855361621145833,,,,,
mp-557058,ZnS,494.0271897235915,3.9315905280839822,Trigonal,24,"['S', 'Zn']",S-Zn,Zn,S,0.0,-0.754447628846726,,,,,
mp-557058,ZnS,494.0271897235915,3.9315905280839822,Trigonal,24,"['S', 'Zn']",S-Zn,Zn,S,0.0,-0.754447628846726,,,,,
mp-557346,ZnS,703.7403436138152,4.139977132245565,Trigonal,36,"['S', 'Zn']",S-Zn,Zn,S,2.0258,-1.062134902118055,,,,,
mp-557346,ZnS,703.7403436138152,4.139977132245565,Trigonal,36,"['S', 'Zn']",S-Zn,Zn,S,2.0258,-1.062134902118055,,,,,
mp-557346,ZnS,703.7403436138152,4.139977132245565,Trigonal,36,"['S', 'Zn']",S-Zn,Zn,S,2.0258,-1.062134902118055,,,,,
mp-557346,ZnS,703.7403436138152,4.139977132245565,Trigonal,36,"['S', 'Zn']",S-Zn,Zn,S,2.0258,-0.9618181483506952,,,,,
mp-557346,ZnS,703.7403436138152,4.139977132245565,Trigonal,36,"['S', 'Zn']",S-Zn,Zn,S,2.0258,-0.9618181483506952,,,,,
mp-557346,ZnS,703.7403436138152,4.139977132245565,Trigonal,36,"['S', 'Zn']",S-Zn,Zn,S,2.0258,-0.9618181483506952,,,,,
mp-557346,ZnS,703.7403436138152,4.139977132245565,Trigonal,36,"['S', 'Zn']",S-Zn,Zn,S,2.0258,-0.9618181483506952,,,,,
mp-557346,ZnS,703.7403436138152,4.139977132245565,Trigonal,36,"['S', 'Zn']",S-Zn,Zn,S,2.0258,-0.9618181483506952,,,,,
mp-557346,ZnS,703.7403436138152,4.139977132245565,Trigonal,36,"['S', 'Zn']",S-Zn,Zn,S,2.0258,-0.9618181483506952,,,,,
mp-557418,ZnS,781.890449366201,4.140206217097838,Trigonal,40,"['S', 'Zn']",S-Zn,Zn,S,2.018199999999999,-1.061930698562499,,,,,
mp-557418,ZnS,781.890449366201,4.140206217097838,Trigonal,40,"['S', 'Zn']",S-Zn,Zn,S,2.018199999999999,-1.061930698562499,,,,,
mp-557418,ZnS,781.890449366201,4.140206217097838,Trigonal,40,"['S', 'Zn']",S-Zn,Zn,S,2.018199999999999,-1.061930698562499,,,,,
mp-557418,ZnS,781.890449366201,4.140206217097838,Trigonal,40,"['S', 'Zn']",S-Zn,Zn,S,2.018199999999999,-0.9616347606562492,,,,,
mp-557418,ZnS,781.890449366201,4.140206217097838,Trigonal,40,"['S', 'Zn']",S-Zn,Zn,S,2.018199999999999,-0.9616347606562492,,,,,
mp-557418,ZnS,781.890449366201,4.140206217097838,Trigonal,40,"['S', 'Zn']",S-Zn,Zn,S,2.018199999999999,-0.9616347606562492,,,,,
mp-557418,ZnS,781.890449366201,4.140206217097838,Trigonal,40,"['S', 'Zn']",S-Zn,Zn,S,2.018199999999999,-0.9616347606562492,,,,,
mp-557418,ZnS,781.890449366201,4.140206217097838,Trigonal,40,"['S', 'Zn']",S-Zn,Zn,S,2.018199999999999,-0.9616347606562492,,,,,
mp-557418,ZnS,781.890449366201,4.140206217097838,Trigonal,40,"['S', 'Zn']",S-Zn,Zn,S,2.018199999999999,-0.9616347606562492,,,,,
mp-581405,ZnS,1619.0128067700862,3.998964907527228,Trigonal,80,"['S', 'Zn']",S-Zn,Zn,S,1.8885,-1.062366645687499,,,,,
mp-581405,ZnS,1619.0128067700862,3.998964907527228,Trigonal,80,"['S', 'Zn']",S-Zn,Zn,S,1.8885,-1.062366645687499,,,,,
mp-581405,ZnS,1619.0128067700862,3.998964907527228,Trigonal,80,"['S', 'Zn']",S-Zn,Zn,S,1.8885,-0.961452653388393,,,,,
mp-581405,ZnS,1619.0128067700862,3.998964907527228,Trigonal,80,"['S', 'Zn']",S-Zn,Zn,S,1.8885,-0.961452653388393,,,,,
mp-581425,ZnS,1456.576949930576,4.000432561751981,Trigonal,72,"['S', 'Zn']",S-Zn,Zn,S,2.018399999999999,-1.062462217256944,,,,,
mp-581425,ZnS,1456.576949930576,4.000432561751981,Trigonal,72,"['S', 'Zn']",S-Zn,Zn,S,2.018399999999999,-1.062462217256944,,,,,
mp-581425,ZnS,1456.576949930576,4.000432561751981,Trigonal,72,"['S', 'Zn']",S-Zn,Zn,S,2.018399999999999,-0.9615482249578392,,,,,
mp-581425,ZnS,1456.576949930576,4.000432561751981,Trigonal,72,"['S', 'Zn']",S-Zn,Zn,S,2.018399999999999,-0.9615482249578392,,,,,
mp-582680,ZnS,1456.1103543853246,4.001714459107337,Trigonal,72,"['S', 'Zn']",S-Zn,Zn,S,1.9845,-1.062291866840277,,,,,
mp-582680,ZnS,1456.1103543853246,4.001714459107337,Trigonal,72,"['S', 'Zn']",S-Zn,Zn,S,1.9845,-1.062291866840277,,,,,
mp-582680,ZnS,1456.1103543853246,4.001714459107337,Trigonal,72,"['S', 'Zn']",S-Zn,Zn,S,1.9845,-0.96137787454117,,,,,
mp-582680,ZnS,1456.1103543853246,4.001714459107337,Trigonal,72,"['S', 'Zn']",S-Zn,Zn,S,1.9845,-0.96137787454117,,,,,
mp-647075,ZnS,2593.357952286581,3.994435334097854,Trigonal,128,"['S', 'Zn']",S-Zn,Zn,S,1.9988,-1.062271890703125,,,,,
mp-647075,ZnS,2593.357952286581,3.994435334097854,Trigonal,128,"['S', 'Zn']",S-Zn,Zn,S,1.9988,-1.062271890703125,,,,,
mp-647075,ZnS,2593.357952286581,3.994435334097854,Trigonal,128,"['S', 'Zn']",S-Zn,Zn,S,1.9988,-0.9613578984040192,,,,,
mp-647075,ZnS,2593.357952286581,3.994435334097854,Trigonal,128,"['S', 'Zn']",S-Zn,Zn,S,1.9988,-0.9613578984040192,,,,,
mp-680085,ZnS,1780.6575298703926,3.999541079378795,Trigonal,88,"['S', 'Zn']",S-Zn,Zn,S,2.0155,-1.062669879517045,,,,,
mp-680085,ZnS,1780.6575298703926,3.999541079378795,Trigonal,88,"['S', 'Zn']",S-Zn,Zn,S,2.0155,-1.062669879517045,,,,,
mp-680085,ZnS,1780.6575298703926,3.999541079378795,Trigonal,88,"['S', 'Zn']",S-Zn,Zn,S,2.0155,-0.961755887217936,,,,,
mp-680085,ZnS,1780.6575298703926,3.999541079378795,Trigonal,88,"['S', 'Zn']",S-Zn,Zn,S,2.0155,-0.961755887217936,,,,,
mp-680087,ZnS,1781.10753534158,3.99853057589585,Trigonal,88,"['S', 'Zn']",S-Zn,Zn,S,2.0198,-1.062548649630682,,,,,
mp-680087,ZnS,1781.10753534158,3.99853057589585,Trigonal,88,"['S', 'Zn']",S-Zn,Zn,S,2.0198,-1.062548649630682,,,,,
mp-680087,ZnS,1781.10753534158,3.99853057589585,Trigonal,88,"['S', 'Zn']",S-Zn,Zn,S,2.0198,-0.961634657331573,,,,,
mp-680087,ZnS,1781.10753534158,3.99853057589585,Trigonal,88,"['S', 'Zn']",S-Zn,Zn,S,2.0198,-0.961634657331573,,,,,
mp-1196782,ZnS,732.0562290845999,3.979843096537789,Trigonal,36,"['S', 'Zn']",S-Zn,Zn,S,1.986399999999999,-1.051215388229166,,,,,
mp-1196782,ZnS,732.0562290845999,3.979843096537789,Trigonal,36,"['S', 'Zn']",S-Zn,Zn,S,1.986399999999999,-1.051215388229166,,,,,
mp-1196782,ZnS,732.0562290845999,3.979843096537789,Trigonal,36,"['S', 'Zn']",S-Zn,Zn,S,1.986399999999999,-0.95030139593006,,,,,
mp-1196782,ZnS,732.0562290845999,3.979843096537789,Trigonal,36,"['S', 'Zn']",S-Zn,Zn,S,1.986399999999999,-0.95030139593006,,,,,
mp-1198139,ZnS,734.9763397125912,3.96403091117073,Trigonal,36,"['S', 'Zn']",S-Zn,Zn,S,1.9919,-1.050904632673611,,,,,
mp-1198139,ZnS,734.9763397125912,3.96403091117073,Trigonal,36,"['S', 'Zn']",S-Zn,Zn,S,1.9919,-1.050904632673611,,,,,
mp-1198139,ZnS,734.9763397125912,3.96403091117073,Trigonal,36,"['S', 'Zn']",S-Zn,Zn,S,1.9919,-0.9499906403745052,,,,,
mp-1198139,ZnS,734.9763397125912,3.96403091117073,Trigonal,36,"['S', 'Zn']",S-Zn,Zn,S,1.9919,-0.9499906403745052,,,,,
mp-1199343,ZnS,732.3170933538738,3.978425406208524,Trigonal,36,"['S', 'Zn']",S-Zn,Zn,S,2.0023,-1.050896026006944,,,,,
mp-1199343,ZnS,732.3170933538738,3.978425406208524,Trigonal,36,"['S', 'Zn']",S-Zn,Zn,S,2.0023,-1.050896026006944,,,,,
mp-1199343,ZnS,732.3170933538738,3.978425406208524,Trigonal,36,"['S', 'Zn']",S-Zn,Zn,S,2.0023,-0.949982033707838,,,,,
mp-1199343,ZnS,732.3170933538738,3.978425406208524,Trigonal,36,"['S', 'Zn']",S-Zn,Zn,S,2.0023,-0.949982033707838,,,,,
mp-1201781,ZnS,732.0869671487895,3.979675995253303,Trigonal,36,"['S', 'Zn']",S-Zn,Zn,S,1.9874,-1.051215899895833,,,,,
mp-1201781,ZnS,732.0869671487895,3.979675995253303,Trigonal,36,"['S', 'Zn']",S-Zn,Zn,S,1.9874,-1.051215899895833,,,,,
mp-1201781,ZnS,732.0869671487895,3.979675995253303,Trigonal,36,"['S', 'Zn']",S-Zn,Zn,S,1.9874,-0.9503019075967272,,,,,
mp-1201781,ZnS,732.0869671487895,3.979675995253303,Trigonal,36,"['S', 'Zn']",S-Zn,Zn,S,1.9874,-0.9503019075967272,,,,,
mp-1200568,ZnS,735.7458667275099,3.959884875138361,Trigonal,36,"['S', 'Zn']",S-Zn,Zn,S,1.9998999999999991,-1.050497246840277,,,,,
mp-1200568,ZnS,735.7458667275099,3.959884875138361,Trigonal,36,"['S', 'Zn']",S-Zn,Zn,S,1.9998999999999991,-1.050497246840277,,,,,
mp-1200568,ZnS,735.7458667275099,3.959884875138361,Trigonal,36,"['S', 'Zn']",S-Zn,Zn,S,1.9998999999999991,-0.949583254541172,,,,,
mp-1200568,ZnS,735.7458667275099,3.959884875138361,Trigonal,36,"['S', 'Zn']",S-Zn,Zn,S,1.9998999999999991,-0.949583254541172,,,,,
mp-1202182,ZnS,734.9236543073599,3.964315085688287,Trigonal,36,"['S', 'Zn']",S-Zn,Zn,S,1.992999999999999,-1.050907763506944,,,,,
mp-1202182,ZnS,734.9236543073599,3.964315085688287,Trigonal,36,"['S', 'Zn']",S-Zn,Zn,S,1.992999999999999,-1.050907763506944,,,,,
mp-1202182,ZnS,734.9236543073599,3.964315085688287,Trigonal,36,"['S', 'Zn']",S-Zn,Zn,S,1.992999999999999,-0.949993771207838,,,,,
mp-1202182,ZnS,734.9236543073599,3.964315085688287,Trigonal,36,"['S', 'Zn']",S-Zn,Zn,S,1.992999999999999,-0.949993771207838,,,,,
mp-1202023,ZnS,732.3375063775716,3.978314512404247,Trigonal,36,"['S', 'Zn']",S-Zn,Zn,S,2.0011,-1.050887887118055,,,,,
mp-1202023,ZnS,732.3375063775716,3.978314512404247,Trigonal,36,"['S', 'Zn']",S-Zn,Zn,S,2.0011,-1.050887887118055,,,,,
mp-1202023,ZnS,732.3375063775716,3.978314512404247,Trigonal,36,"['S', 'Zn']",S-Zn,Zn,S,2.0011,-0.94997389481895,,,,,
mp-1202023,ZnS,732.3375063775716,3.978314512404247,Trigonal,36,"['S', 'Zn']",S-Zn,Zn,S,2.0011,-0.94997389481895,,,,,
mp-1201158,ZnS,734.8368370891498,3.964783449262998,Trigonal,36,"['S', 'Zn']",S-Zn,Zn,S,2.0046,-1.050586482395833,,,,,
mp-1201158,ZnS,734.8368370891498,3.964783449262998,Trigonal,36,"['S', 'Zn']",S-Zn,Zn,S,2.0046,-1.050586482395833,,,,,
mp-1201158,ZnS,734.8368370891498,3.964783449262998,Trigonal,36,"['S', 'Zn']",S-Zn,Zn,S,2.0046,-0.949672490096727,,,,,
mp-1201158,ZnS,734.8368370891498,3.964783449262998,Trigonal,36,"['S', 'Zn']",S-Zn,Zn,S,2.0046,-0.949672490096727,,,,,
mp-1200836,ZnS,735.0153974940927,3.963820267619967,Trigonal,36,"['S', 'Zn']",S-Zn,Zn,S,1.9881,-1.050902379618055,,,,,
mp-1200836,ZnS,735.0153974940927,3.963820267619967,Trigonal,36,"['S', 'Zn']",S-Zn,Zn,S,1.9881,-1.050902379618055,,,,,
mp-1200836,ZnS,735.0153974940927,3.963820267619967,Trigonal,36,"['S', 'Zn']",S-Zn,Zn,S,1.9881,-0.94998838731895,,,,,
mp-1200836,ZnS,735.0153974940927,3.963820267619967,Trigonal,36,"['S', 'Zn']",S-Zn,Zn,S,1.9881,-0.94998838731895,,,,,
mp-1202959,ZnS,734.9871463532437,3.9639726273520193,Trigonal,36,"['S', 'Zn']",S-Zn,Zn,S,1.992499999999999,-1.050904408784722,,,,,
mp-1202959,ZnS,734.9871463532437,3.9639726273520193,Trigonal,36,"['S', 'Zn']",S-Zn,Zn,S,1.992499999999999,-1.050904408784722,,,,,
mp-1202959,ZnS,734.9871463532437,3.9639726273520193,Trigonal,36,"['S', 'Zn']",S-Zn,Zn,S,1.992499999999999,-0.9499904164856152,,,,,
mp-1202959,ZnS,734.9871463532437,3.9639726273520193,Trigonal,36,"['S', 'Zn']",S-Zn,Zn,S,1.992499999999999,-0.9499904164856152,,,,,
mp-13456,ZnS,195.5221102272339,4.139158092904608,Trigonal,10,"['S', 'Zn']",S-Zn,Zn,S,2.0416,-1.050709599562499,,,,,
mp-13456,ZnS,195.5221102272339,4.139158092904608,Trigonal,10,"['S', 'Zn']",S-Zn,Zn,S,2.0416,-1.050709599562499,,,,,
mp-13456,ZnS,195.5221102272339,4.139158092904608,Trigonal,10,"['S', 'Zn']",S-Zn,Zn,S,2.0416,-1.050709599562499,,,,,
mp-13456,ZnS,195.5221102272339,4.139158092904608,Trigonal,10,"['S', 'Zn']",S-Zn,Zn,S,2.0416,-0.9614129104062492,,,,,
mp-13456,ZnS,195.5221102272339,4.139158092904608,Trigonal,10,"['S', 'Zn']",S-Zn,Zn,S,2.0416,-0.9614129104062492,,,,,
mp-13456,ZnS,195.5221102272339,4.139158092904608,Trigonal,10,"['S', 'Zn']",S-Zn,Zn,S,2.0416,-0.9614129104062492,,,,,
mp-13456,ZnS,195.5221102272339,4.139158092904608,Trigonal,10,"['S', 'Zn']",S-Zn,Zn,S,2.0416,-0.9614129104062492,,,,,
mp-13456,ZnS,195.5221102272339,4.139158092904608,Trigonal,10,"['S', 'Zn']",S-Zn,Zn,S,2.0416,-0.9614129104062492,,,,,
mp-13456,ZnS,195.5221102272339,4.139158092904608,Trigonal,10,"['S', 'Zn']",S-Zn,Zn,S,2.0416,-0.9614129104062492,,,,,
mp-18377,ZnS,405.9511544119694,3.9871640520945393,Trigonal,20,"['S', 'Zn']",S-Zn,Zn,S,2.0462,-1.010846090562499,,,,,
mp-18377,ZnS,405.9511544119694,3.9871640520945393,Trigonal,20,"['S', 'Zn']",S-Zn,Zn,S,2.0462,-1.010846090562499,,,,,
mp-18377,ZnS,405.9511544119694,3.9871640520945393,Trigonal,20,"['S', 'Zn']",S-Zn,Zn,S,2.0462,-0.909932098263392,,,,,
mp-18377,ZnS,405.9511544119694,3.9871640520945393,Trigonal,20,"['S', 'Zn']",S-Zn,Zn,S,2.0462,-0.909932098263392,,,,,
mp-554405,ZnS,195.63819592429417,4.136702043613275,Trigonal,10,"['S', 'Zn']",S-Zn,Zn,S,2.0715,-1.0496206505625,,,,,
mp-554405,ZnS,195.63819592429417,4.136702043613275,Trigonal,10,"['S', 'Zn']",S-Zn,Zn,S,2.0715,-1.0496206505625,,,,,
mp-554405,ZnS,195.63819592429417,4.136702043613275,Trigonal,10,"['S', 'Zn']",S-Zn,Zn,S,2.0715,-1.0496206505625,,,,,
mp-554405,ZnS,195.63819592429417,4.136702043613275,Trigonal,10,"['S', 'Zn']",S-Zn,Zn,S,2.0715,-0.960316791406251,,,,,
mp-554405,ZnS,195.63819592429417,4.136702043613275,Trigonal,10,"['S', 'Zn']",S-Zn,Zn,S,2.0715,-0.960316791406251,,,,,
mp-554405,ZnS,195.63819592429417,4.136702043613275,Trigonal,10,"['S', 'Zn']",S-Zn,Zn,S,2.0715,-0.960316791406251,,,,,
mp-554405,ZnS,195.63819592429417,4.136702043613275,Trigonal,10,"['S', 'Zn']",S-Zn,Zn,S,2.0715,-0.960316791406251,,,,,
mp-554405,ZnS,195.63819592429417,4.136702043613275,Trigonal,10,"['S', 'Zn']",S-Zn,Zn,S,2.0715,-0.960316791406251,,,,,
mp-554405,ZnS,195.63819592429417,4.136702043613275,Trigonal,10,"['S', 'Zn']",S-Zn,Zn,S,2.0715,-0.960316791406251,,,,,
mp-555858,ZnS,407.0522505291348,3.976378579589337,Trigonal,20,"['S', 'Zn']",S-Zn,Zn,S,2.0194,-1.0119011640625,,,,,
mp-555858,ZnS,407.0522505291348,3.976378579589337,Trigonal,20,"['S', 'Zn']",S-Zn,Zn,S,2.0194,-1.0119011640625,,,,,
mp-555858,ZnS,407.0522505291348,3.976378579589337,Trigonal,20,"['S', 'Zn']",S-Zn,Zn,S,2.0194,-0.910987171763393,,,,,
mp-555858,ZnS,407.0522505291348,3.976378579589337,Trigonal,20,"['S', 'Zn']",S-Zn,Zn,S,2.0194,-0.910987171763393,,,,,
mp-556576,ZnS,323.99433261578207,3.996597932340106,Trigonal,16,"['S', 'Zn']",S-Zn,Zn,S,2.0892,-1.0499461571875,,,,,
mp-556576,ZnS,323.99433261578207,3.996597932340106,Trigonal,16,"['S', 'Zn']",S-Zn,Zn,S,2.0892,-1.0499461571875,,,,,
mp-556576,ZnS,323.99433261578207,3.996597932340106,Trigonal,16,"['S', 'Zn']",S-Zn,Zn,S,2.0892,-0.949032164888393,,,,,
mp-556576,ZnS,323.99433261578207,3.996597932340106,Trigonal,16,"['S', 'Zn']",S-Zn,Zn,S,2.0892,-0.949032164888393,,,,,
mp-555410,ZnS,156.44462063376088,4.138445523331442,Trigonal,8,"['S', 'Zn']",S-Zn,Zn,S,2.064,-1.0588337728125,,,,,
mp-555410,ZnS,156.44462063376088,4.138445523331442,Trigonal,8,"['S', 'Zn']",S-Zn,Zn,S,2.064,-1.0588337728125,,,,,
mp-555410,ZnS,156.44462063376088,4.138445523331442,Trigonal,8,"['S', 'Zn']",S-Zn,Zn,S,2.064,-1.0588337728125,,,,,
mp-555410,ZnS,156.44462063376088,4.138445523331442,Trigonal,8,"['S', 'Zn']",S-Zn,Zn,S,2.064,-0.96109031390625,,,,,
mp-555410,ZnS,156.44462063376088,4.138445523331442,Trigonal,8,"['S', 'Zn']",S-Zn,Zn,S,2.064,-0.96109031390625,,,,,
mp-555410,ZnS,156.44462063376088,4.138445523331442,Trigonal,8,"['S', 'Zn']",S-Zn,Zn,S,2.064,-0.96109031390625,,,,,
mp-555410,ZnS,156.44462063376088,4.138445523331442,Trigonal,8,"['S', 'Zn']",S-Zn,Zn,S,2.064,-0.96109031390625,,,,,
mp-555410,ZnS,156.44462063376088,4.138445523331442,Trigonal,8,"['S', 'Zn']",S-Zn,Zn,S,2.064,-0.96109031390625,,,,,
mp-555410,ZnS,156.44462063376088,4.138445523331442,Trigonal,8,"['S', 'Zn']",S-Zn,Zn,S,2.064,-0.96109031390625,,,,,
mp-556105,ZnS,405.3132138903353,3.993439627200566,Trigonal,20,"['S', 'Zn']",S-Zn,Zn,S,2.010799999999999,-1.0116637265625,,,,,
mp-556105,ZnS,405.3132138903353,3.993439627200566,Trigonal,20,"['S', 'Zn']",S-Zn,Zn,S,2.010799999999999,-1.0116637265625,,,,,
mp-556105,ZnS,405.3132138903353,3.993439627200566,Trigonal,20,"['S', 'Zn']",S-Zn,Zn,S,2.010799999999999,-0.910749734263392,,,,,
mp-556105,ZnS,405.3132138903353,3.993439627200566,Trigonal,20,"['S', 'Zn']",S-Zn,Zn,S,2.010799999999999,-0.910749734263392,,,,,
mp-556468,ZnS,323.74639718611894,3.999658655900763,Trigonal,16,"['S', 'Zn']",S-Zn,Zn,S,2.032899999999999,-1.0515412034375,,,,,
mp-556468,ZnS,323.74639718611894,3.999658655900763,Trigonal,16,"['S', 'Zn']",S-Zn,Zn,S,2.032899999999999,-1.0515412034375,,,,,
mp-556468,ZnS,323.74639718611894,3.999658655900763,Trigonal,16,"['S', 'Zn']",S-Zn,Zn,S,2.032899999999999,-0.950627211138392,,,,,
mp-556468,ZnS,323.74639718611894,3.999658655900763,Trigonal,16,"['S', 'Zn']",S-Zn,Zn,S,2.032899999999999,-0.950627211138392,,,,,
mp-543011,ZnS,284.34144030145967,3.984701257907226,Trigonal,14,"['S', 'Zn']",S-Zn,Zn,S,2.0396,-1.0505007215625,,,,,
mp-543011,ZnS,284.34144030145967,3.984701257907226,Trigonal,14,"['S', 'Zn']",S-Zn,Zn,S,2.0396,-1.0505007215625,,,,,
mp-543011,ZnS,284.34144030145967,3.984701257907226,Trigonal,14,"['S', 'Zn']",S-Zn,Zn,S,2.0396,-0.949586729263393,,,,,
mp-543011,ZnS,284.34144030145967,3.984701257907226,Trigonal,14,"['S', 'Zn']",S-Zn,Zn,S,2.0396,-0.949586729263393,,,,,
mp-555280,ZnS,234.58666022245663,4.139861614235314,Trigonal,12,"['S', 'Zn']",S-Zn,Zn,S,2.0347,-1.051178002395833,,,,,
mp-555280,ZnS,234.58666022245663,4.139861614235314,Trigonal,12,"['S', 'Zn']",S-Zn,Zn,S,2.0347,-1.051178002395833,,,,,
mp-555280,ZnS,234.58666022245663,4.139861614235314,Trigonal,12,"['S', 'Zn']",S-Zn,Zn,S,2.0347,-1.051178002395833,,,,,
mp-555280,ZnS,234.58666022245663,4.139861614235314,Trigonal,12,"['S', 'Zn']",S-Zn,Zn,S,2.0347,-0.961542543072916,,,,,
mp-555280,ZnS,234.58666022245663,4.139861614235314,Trigonal,12,"['S', 'Zn']",S-Zn,Zn,S,2.0347,-0.961542543072916,,,,,
mp-555280,ZnS,234.58666022245663,4.139861614235314,Trigonal,12,"['S', 'Zn']",S-Zn,Zn,S,2.0347,-0.961542543072916,,,,,
mp-555280,ZnS,234.58666022245663,4.139861614235314,Trigonal,12,"['S', 'Zn']",S-Zn,Zn,S,2.0347,-0.961542543072916,,,,,
mp-555280,ZnS,234.58666022245663,4.139861614235314,Trigonal,12,"['S', 'Zn']",S-Zn,Zn,S,2.0347,-0.961542543072916,,,,,
mp-555280,ZnS,234.58666022245663,4.139861614235314,Trigonal,12,"['S', 'Zn']",S-Zn,Zn,S,2.0347,-0.961542543072916,,,,,
mp-555763,ZnS,117.32830780091152,4.138627446645342,Trigonal,6,"['S', 'Zn']",S-Zn,Zn,S,2.0639,-1.058325898229166,,,,,
mp-555763,ZnS,117.32830780091152,4.138627446645342,Trigonal,6,"['S', 'Zn']",S-Zn,Zn,S,2.0639,-1.058325898229166,,,,,
mp-555763,ZnS,117.32830780091152,4.138627446645342,Trigonal,6,"['S', 'Zn']",S-Zn,Zn,S,2.0639,-1.058325898229166,,,,,
mp-555763,ZnS,117.32830780091152,4.138627446645342,Trigonal,6,"['S', 'Zn']",S-Zn,Zn,S,2.0639,-0.960641818072916,,,,,
mp-555763,ZnS,117.32830780091152,4.138627446645342,Trigonal,6,"['S', 'Zn']",S-Zn,Zn,S,2.0639,-0.960641818072916,,,,,
mp-555763,ZnS,117.32830780091152,4.138627446645342,Trigonal,6,"['S', 'Zn']",S-Zn,Zn,S,2.0639,-0.960641818072916,,,,,
mp-555763,ZnS,117.32830780091152,4.138627446645342,Trigonal,6,"['S', 'Zn']",S-Zn,Zn,S,2.0639,-0.960641818072916,,,,,
mp-555763,ZnS,117.32830780091152,4.138627446645342,Trigonal,6,"['S', 'Zn']",S-Zn,Zn,S,2.0639,-0.960641818072916,,,,,
mp-555763,ZnS,117.32830780091152,4.138627446645342,Trigonal,6,"['S', 'Zn']",S-Zn,Zn,S,2.0639,-0.960641818072916,,,,,
mp-581476,ZnS,487.2323370213484,3.986419767635655,Trigonal,24,"['S', 'Zn']",S-Zn,Zn,S,2.0314,-1.051797715729167,,,,,
mp-581476,ZnS,487.2323370213484,3.986419767635655,Trigonal,24,"['S', 'Zn']",S-Zn,Zn,S,2.0314,-1.051797715729167,,,,,
mp-581476,ZnS,487.2323370213484,3.986419767635655,Trigonal,24,"['S', 'Zn']",S-Zn,Zn,S,2.0314,-0.95088372343006,,,,,
mp-581476,ZnS,487.2323370213484,3.986419767635655,Trigonal,24,"['S', 'Zn']",S-Zn,Zn,S,2.0314,-0.95088372343006,,,,,
mp-581258,ZnS,486.97346727750545,3.988538904577278,Trigonal,24,"['S', 'Zn']",S-Zn,Zn,S,2.03,-1.0512525065625,,,,,
mp-581258,ZnS,486.97346727750545,3.988538904577278,Trigonal,24,"['S', 'Zn']",S-Zn,Zn,S,2.03,-1.0512525065625,,,,,
mp-581258,ZnS,486.97346727750545,3.988538904577278,Trigonal,24,"['S', 'Zn']",S-Zn,Zn,S,2.03,-0.9503385142633932,,,,,
mp-581258,ZnS,486.97346727750545,3.988538904577278,Trigonal,24,"['S', 'Zn']",S-Zn,Zn,S,2.03,-0.9503385142633932,,,,,
mp-608468,ZnS,491.1288868256888,3.954792055272825,Trigonal,24,"['S', 'Zn']",S-Zn,Zn,S,1.9701,-1.0114257340625,,,,,
mp-608468,ZnS,491.1288868256888,3.954792055272825,Trigonal,24,"['S', 'Zn']",S-Zn,Zn,S,1.9701,-1.0114257340625,,,,,
mp-608468,ZnS,491.1288868256888,3.954792055272825,Trigonal,24,"['S', 'Zn']",S-Zn,Zn,S,1.9701,-0.9105117417633932,,,,,
mp-608468,ZnS,491.1288868256888,3.954792055272825,Trigonal,24,"['S', 'Zn']",S-Zn,Zn,S,1.9701,-0.9105117417633932,,,,,
mp-557151,ZnS,323.74255997424905,3.999706062511964,Trigonal,16,"['S', 'Zn']",S-Zn,Zn,S,2.0574,-1.051541120937499,,,,,
mp-557151,ZnS,323.74255997424905,3.999706062511964,Trigonal,16,"['S', 'Zn']",S-Zn,Zn,S,2.0574,-1.051541120937499,,,,,
mp-557151,ZnS,323.74255997424905,3.999706062511964,Trigonal,16,"['S', 'Zn']",S-Zn,Zn,S,2.0574,-0.950627128638393,,,,,
mp-557151,ZnS,323.74255997424905,3.999706062511964,Trigonal,16,"['S', 'Zn']",S-Zn,Zn,S,2.0574,-0.950627128638393,,,,,
mp-581602,ZnS,486.9808619390813,3.988478339783698,Trigonal,24,"['S', 'Zn']",S-Zn,Zn,S,2.0309,-1.0512610015625,,,,,
mp-581602,ZnS,486.9808619390813,3.988478339783698,Trigonal,24,"['S', 'Zn']",S-Zn,Zn,S,2.0309,-1.0512610015625,,,,,
mp-581602,ZnS,486.9808619390813,3.988478339783698,Trigonal,24,"['S', 'Zn']",S-Zn,Zn,S,2.0309,-0.9503470092633932,,,,,
mp-581602,ZnS,486.9808619390813,3.988478339783698,Trigonal,24,"['S', 'Zn']",S-Zn,Zn,S,2.0309,-0.9503470092633932,,,,,
mp-581412,ZnS,486.8952199130244,3.989179889833755,Trigonal,24,"['S', 'Zn']",S-Zn,Zn,S,2.0194,-1.051787762395833,,,,,
mp-581412,ZnS,486.8952199130244,3.989179889833755,Trigonal,24,"['S', 'Zn']",S-Zn,Zn,S,2.0194,-1.051787762395833,,,,,
mp-581412,ZnS,486.8952199130244,3.989179889833755,Trigonal,24,"['S', 'Zn']",S-Zn,Zn,S,2.0194,-0.950873770096726,,,,,
mp-581412,ZnS,486.8952199130244,3.989179889833755,Trigonal,24,"['S', 'Zn']",S-Zn,Zn,S,2.0194,-0.950873770096726,,,,,
mp-581601,ZnS,486.9946624590266,3.988365313750514,Trigonal,24,"['S', 'Zn']",S-Zn,Zn,S,2.0189,-1.051798591979167,,,,,
mp-581601,ZnS,486.9946624590266,3.988365313750514,Trigonal,24,"['S', 'Zn']",S-Zn,Zn,S,2.0189,-1.051798591979167,,,,,
mp-581601,ZnS,486.9946624590266,3.988365313750514,Trigonal,24,"['S', 'Zn']",S-Zn,Zn,S,2.0189,-0.95088459968006,,,,,
mp-581601,ZnS,486.9946624590266,3.988365313750514,Trigonal,24,"['S', 'Zn']",S-Zn,Zn,S,2.0189,-0.95088459968006,,,,,
mp-10281,ZnS,156.45921392848314,4.138059521422718,Hexagonal,8,"['S', 'Zn']",S-Zn,Zn,S,2.0471,-1.0613169315625,,,,,
mp-10281,ZnS,156.45921392848314,4.138059521422718,Hexagonal,8,"['S', 'Zn']",S-Zn,Zn,S,2.0471,-1.0613169315625,,,,,
mp-10281,ZnS,156.45921392848314,4.138059521422718,Hexagonal,8,"['S', 'Zn']",S-Zn,Zn,S,2.0471,-1.0613169315625,,,,,
mp-10281,ZnS,156.45921392848314,4.138059521422718,Hexagonal,8,"['S', 'Zn']",S-Zn,Zn,S,2.0471,-0.9610861451562512,,,,,
mp-10281,ZnS,156.45921392848314,4.138059521422718,Hexagonal,8,"['S', 'Zn']",S-Zn,Zn,S,2.0471,-0.9610861451562512,,,,,
mp-10281,ZnS,156.45921392848314,4.138059521422718,Hexagonal,8,"['S', 'Zn']",S-Zn,Zn,S,2.0471,-0.9610861451562512,,,,,
mp-10281,ZnS,156.45921392848314,4.138059521422718,Hexagonal,8,"['S', 'Zn']",S-Zn,Zn,S,2.0471,-0.9610861451562512,,,,,
mp-10281,ZnS,156.45921392848314,4.138059521422718,Hexagonal,8,"['S', 'Zn']",S-Zn,Zn,S,2.0471,-0.9610861451562512,,,,,
mp-10281,ZnS,156.45921392848314,4.138059521422718,Hexagonal,8,"['S', 'Zn']",S-Zn,Zn,S,2.0471,-0.9610861451562512,,,,,
mp-561196,ZnS,547.3295125287475,4.140159333304246,Hexagonal,28,"['S', 'Zn']",S-Zn,Zn,S,2.0271,-1.062323683348214,,,,,
mp-561196,ZnS,547.3295125287475,4.140159333304246,Hexagonal,28,"['S', 'Zn']",S-Zn,Zn,S,2.0271,-1.062323683348214,,,,,
mp-561196,ZnS,547.3295125287475,4.140159333304246,Hexagonal,28,"['S', 'Zn']",S-Zn,Zn,S,2.0271,-1.062323683348214,,,,,
mp-561196,ZnS,547.3295125287475,4.140159333304246,Hexagonal,28,"['S', 'Zn']",S-Zn,Zn,S,2.0271,-0.961982502834822,,,,,
mp-561196,ZnS,547.3295125287475,4.140159333304246,Hexagonal,28,"['S', 'Zn']",S-Zn,Zn,S,2.0271,-0.961982502834822,,,,,
mp-561196,ZnS,547.3295125287475,4.140159333304246,Hexagonal,28,"['S', 'Zn']",S-Zn,Zn,S,2.0271,-0.961982502834822,,,,,
mp-561196,ZnS,547.3295125287475,4.140159333304246,Hexagonal,28,"['S', 'Zn']",S-Zn,Zn,S,2.0271,-0.961982502834822,,,,,
mp-561196,ZnS,547.3295125287475,4.140159333304246,Hexagonal,28,"['S', 'Zn']",S-Zn,Zn,S,2.0271,-0.961982502834822,,,,,
mp-561196,ZnS,547.3295125287475,4.140159333304246,Hexagonal,28,"['S', 'Zn']",S-Zn,Zn,S,2.0271,-0.961982502834822,,,,,
mp-560725,ZnS,625.4751534265004,4.140452495126357,Hexagonal,32,"['S', 'Zn']",S-Zn,Zn,S,2.0215,-1.06241931625,,,,,
mp-560725,ZnS,625.4751534265004,4.140452495126357,Hexagonal,32,"['S', 'Zn']",S-Zn,Zn,S,2.0215,-1.06241931625,,,,,
mp-560725,ZnS,625.4751534265004,4.140452495126357,Hexagonal,32,"['S', 'Zn']",S-Zn,Zn,S,2.0215,-1.06241931625,,,,,
mp-560725,ZnS,625.4751534265004,4.140452495126357,Hexagonal,32,"['S', 'Zn']",S-Zn,Zn,S,2.0215,-0.9620437767187512,,,,,
mp-560725,ZnS,625.4751534265004,4.140452495126357,Hexagonal,32,"['S', 'Zn']",S-Zn,Zn,S,2.0215,-0.9620437767187512,,,,,
mp-560725,ZnS,625.4751534265004,4.140452495126357,Hexagonal,32,"['S', 'Zn']",S-Zn,Zn,S,2.0215,-0.9620437767187512,,,,,
mp-560725,ZnS,625.4751534265004,4.140452495126357,Hexagonal,32,"['S', 'Zn']",S-Zn,Zn,S,2.0215,-0.9620437767187512,,,,,
mp-560725,ZnS,625.4751534265004,4.140452495126357,Hexagonal,32,"['S', 'Zn']",S-Zn,Zn,S,2.0215,-0.9620437767187512,,,,,
mp-560725,ZnS,625.4751534265004,4.140452495126357,Hexagonal,32,"['S', 'Zn']",S-Zn,Zn,S,2.0215,-0.9620437767187512,,,,,
mp-561118,ZnS,312.6469831439459,4.14165224561266,Hexagonal,16,"['S', 'Zn']",S-Zn,Zn,S,2.0338,-1.061986937812499,,,,,
mp-561118,ZnS,312.6469831439459,4.14165224561266,Hexagonal,16,"['S', 'Zn']",S-Zn,Zn,S,2.0338,-1.061986937812499,,,,,
mp-561118,ZnS,312.6469831439459,4.14165224561266,Hexagonal,16,"['S', 'Zn']",S-Zn,Zn,S,2.0338,-1.061986937812499,,,,,
mp-561118,ZnS,312.6469831439459,4.14165224561266,Hexagonal,16,"['S', 'Zn']",S-Zn,Zn,S,2.0338,-0.9616786720312512,,,,,
mp-561118,ZnS,312.6469831439459,4.14165224561266,Hexagonal,16,"['S', 'Zn']",S-Zn,Zn,S,2.0338,-0.9616786720312512,,,,,
mp-561118,ZnS,312.6469831439459,4.14165224561266,Hexagonal,16,"['S', 'Zn']",S-Zn,Zn,S,2.0338,-0.9616786720312512,,,,,
mp-561118,ZnS,312.6469831439459,4.14165224561266,Hexagonal,16,"['S', 'Zn']",S-Zn,Zn,S,2.0338,-0.9616786720312512,,,,,
mp-561118,ZnS,312.6469831439459,4.14165224561266,Hexagonal,16,"['S', 'Zn']",S-Zn,Zn,S,2.0338,-0.9616786720312512,,,,,
mp-561118,ZnS,312.6469831439459,4.14165224561266,Hexagonal,16,"['S', 'Zn']",S-Zn,Zn,S,2.0338,-0.9616786720312512,,,,,
mp-560588,ZnS,78.24665654456005,4.13715785761638,Hexagonal,4,"['S', 'Zn']",S-Zn,Zn,S,2.0701,-1.059857601562499,,,,,
mp-560588,ZnS,78.24665654456005,4.13715785761638,Hexagonal,4,"['S', 'Zn']",S-Zn,Zn,S,2.0701,-1.059857601562499,,,,,
mp-560588,ZnS,78.24665654456005,4.13715785761638,Hexagonal,4,"['S', 'Zn']",S-Zn,Zn,S,2.0701,-1.059857601562499,,,,,
mp-560588,ZnS,78.24665654456005,4.13715785761638,Hexagonal,4,"['S', 'Zn']",S-Zn,Zn,S,2.0701,-0.9591730539062512,,,,,
mp-560588,ZnS,78.24665654456005,4.13715785761638,Hexagonal,4,"['S', 'Zn']",S-Zn,Zn,S,2.0701,-0.9591730539062512,,,,,
mp-560588,ZnS,78.24665654456005,4.13715785761638,Hexagonal,4,"['S', 'Zn']",S-Zn,Zn,S,2.0701,-0.9591730539062512,,,,,
mp-560588,ZnS,78.24665654456005,4.13715785761638,Hexagonal,4,"['S', 'Zn']",S-Zn,Zn,S,2.0701,-0.9591730539062512,,,,,
mp-560588,ZnS,78.24665654456005,4.13715785761638,Hexagonal,4,"['S', 'Zn']",S-Zn,Zn,S,2.0701,-0.9591730539062512,,,,,
mp-560588,ZnS,78.24665654456005,4.13715785761638,Hexagonal,4,"['S', 'Zn']",S-Zn,Zn,S,2.0701,-0.9591730539062512,,,,,
mp-561258,ZnS,390.9493542994755,4.140162483905286,Hexagonal,20,"['S', 'Zn']",S-Zn,Zn,S,2.0288,-1.062192101062499,,,,,
mp-561258,ZnS,390.9493542994755,4.140162483905286,Hexagonal,20,"['S', 'Zn']",S-Zn,Zn,S,2.0288,-1.062192101062499,,,,,
mp-561258,ZnS,390.9493542994755,4.140162483905286,Hexagonal,20,"['S', 'Zn']",S-Zn,Zn,S,2.0288,-1.062192101062499,,,,,
mp-561258,ZnS,390.9493542994755,4.140162483905286,Hexagonal,20,"['S', 'Zn']",S-Zn,Zn,S,2.0288,-0.96187158090625,,,,,
mp-561258,ZnS,390.9493542994755,4.140162483905286,Hexagonal,20,"['S', 'Zn']",S-Zn,Zn,S,2.0288,-0.96187158090625,,,,,
mp-561258,ZnS,390.9493542994755,4.140162483905286,Hexagonal,20,"['S', 'Zn']",S-Zn,Zn,S,2.0288,-0.96187158090625,,,,,
mp-561258,ZnS,390.9493542994755,4.140162483905286,Hexagonal,20,"['S', 'Zn']",S-Zn,Zn,S,2.0288,-0.96187158090625,,,,,
mp-561258,ZnS,390.9493542994755,4.140162483905286,Hexagonal,20,"['S', 'Zn']",S-Zn,Zn,S,2.0288,-0.96187158090625,,,,,
mp-561258,ZnS,390.9493542994755,4.140162483905286,Hexagonal,20,"['S', 'Zn']",S-Zn,Zn,S,2.0288,-0.96187158090625,,,,,
mp-561286,ZnS,782.1918670666643,4.138610788290733,Hexagonal,40,"['S', 'Zn']",S-Zn,Zn,S,2.0218,-1.062458264062499,,,,,
mp-561286,ZnS,782.1918670666643,4.138610788290733,Hexagonal,40,"['S', 'Zn']",S-Zn,Zn,S,2.0218,-1.062458264062499,,,,,
mp-561286,ZnS,782.1918670666643,4.138610788290733,Hexagonal,40,"['S', 'Zn']",S-Zn,Zn,S,2.0218,-1.062458264062499,,,,,
mp-561286,ZnS,782.1918670666643,4.138610788290733,Hexagonal,40,"['S', 'Zn']",S-Zn,Zn,S,2.0218,-0.96210737665625,,,,,
mp-561286,ZnS,782.1918670666643,4.138610788290733,Hexagonal,40,"['S', 'Zn']",S-Zn,Zn,S,2.0218,-0.96210737665625,,,,,
mp-561286,ZnS,782.1918670666643,4.138610788290733,Hexagonal,40,"['S', 'Zn']",S-Zn,Zn,S,2.0218,-0.96210737665625,,,,,
mp-561286,ZnS,782.1918670666643,4.138610788290733,Hexagonal,40,"['S', 'Zn']",S-Zn,Zn,S,2.0218,-0.96210737665625,,,,,
mp-561286,ZnS,782.1918670666643,4.138610788290733,Hexagonal,40,"['S', 'Zn']",S-Zn,Zn,S,2.0218,-0.96210737665625,,,,,
mp-561286,ZnS,782.1918670666643,4.138610788290733,Hexagonal,40,"['S', 'Zn']",S-Zn,Zn,S,2.0218,-0.96210737665625,,,,,
mp-9946,ZnS,234.5651340917577,4.140241530894832,Hexagonal,12,"['S', 'Zn']",S-Zn,Zn,S,2.0368,-1.061496982395833,,,,,
mp-9946,ZnS,234.5651340917577,4.140241530894832,Hexagonal,12,"['S', 'Zn']",S-Zn,Zn,S,2.0368,-1.061496982395833,,,,,
mp-9946,ZnS,234.5651340917577,4.140241530894832,Hexagonal,12,"['S', 'Zn']",S-Zn,Zn,S,2.0368,-1.061496982395833,,,,,
mp-9946,ZnS,234.5651340917577,4.140241530894832,Hexagonal,12,"['S', 'Zn']",S-Zn,Zn,S,2.0368,-0.961542306406249,,,,,
mp-9946,ZnS,234.5651340917577,4.140241530894832,Hexagonal,12,"['S', 'Zn']",S-Zn,Zn,S,2.0368,-0.961542306406249,,,,,
mp-9946,ZnS,234.5651340917577,4.140241530894832,Hexagonal,12,"['S', 'Zn']",S-Zn,Zn,S,2.0368,-0.961542306406249,,,,,
mp-9946,ZnS,234.5651340917577,4.140241530894832,Hexagonal,12,"['S', 'Zn']",S-Zn,Zn,S,2.0368,-0.961542306406249,,,,,
mp-9946,ZnS,234.5651340917577,4.140241530894832,Hexagonal,12,"['S', 'Zn']",S-Zn,Zn,S,2.0368,-0.961542306406249,,,,,
mp-9946,ZnS,234.5651340917577,4.140241530894832,Hexagonal,12,"['S', 'Zn']",S-Zn,Zn,S,2.0368,-0.961542306406249,,,,,
mp-1102743,ZnS2,210.15992820545503,4.094111983860375,Cubic,12,"['S', 'Zn']",S-Zn,Zn,S,1.4156,-0.7027027987500001,,,,,
mp-1102743,ZnS2,210.15992820545503,4.094111983860375,Cubic,12,"['S', 'Zn']",S-Zn,Zn,S,1.4156,-0.7027027987500001,,,,,
mp-1102743,ZnS2,210.15992820545503,4.094111983860375,Cubic,12,"['S', 'Zn']",S-Zn,Zn,S,1.4156,-0.7027027987500001,,,,,
mp-1102743,ZnS2,210.15992820545503,4.094111983860375,Cubic,12,"['S', 'Zn']",S-Zn,Zn,S,1.4156,-0.495735896874999,,,,,
mp-1102743,ZnS2,210.15992820545503,4.094111983860375,Cubic,12,"['S', 'Zn']",S-Zn,Zn,S,1.4156,-0.495735896874999,,,,,
mp-1102743,ZnS2,210.15992820545503,4.094111983860375,Cubic,12,"['S', 'Zn']",S-Zn,Zn,S,1.4156,-0.495735896874999,,,,,
mp-1102743,ZnS2,210.15992820545503,4.094111983860375,Cubic,12,"['S', 'Zn']",S-Zn,Zn,S,1.4156,-0.495735896874999,,,,,
mp-1102743,ZnS2,210.15992820545503,4.094111983860375,Cubic,12,"['S', 'Zn']",S-Zn,Zn,S,1.4156,-0.495735896874999,,,,,
mp-1102743,ZnS2,210.15992820545503,4.094111983860375,Cubic,12,"['S', 'Zn']",S-Zn,Zn,S,1.4156,-0.495735896874999,,,,,
mp-10695,ZnS,39.09033502667045,4.140649724985354,Cubic,2,"['S', 'Zn']",S-Zn,Zn,S,2.0192,-1.0628940465625,,,,,
mp-10695,ZnS,39.09033502667045,4.140649724985354,Cubic,2,"['S', 'Zn']",S-Zn,Zn,S,2.0192,-1.0628940465625,,,,,
mp-10695,ZnS,39.09033502667045,4.140649724985354,Cubic,2,"['S', 'Zn']",S-Zn,Zn,S,2.0192,-1.0628940465625,,,,,
mp-10695,ZnS,39.09033502667045,4.140649724985354,Cubic,2,"['S', 'Zn']",S-Zn,Zn,S,2.0192,-0.9620711764062512,,,,,
mp-10695,ZnS,39.09033502667045,4.140649724985354,Cubic,2,"['S', 'Zn']",S-Zn,Zn,S,2.0192,-0.9620711764062512,,,,,
mp-10695,ZnS,39.09033502667045,4.140649724985354,Cubic,2,"['S', 'Zn']",S-Zn,Zn,S,2.0192,-0.9620711764062512,,,,,
mp-10695,ZnS,39.09033502667045,4.140649724985354,Cubic,2,"['S', 'Zn']",S-Zn,Zn,S,2.0192,-0.9620711764062512,,,,,
mp-10695,ZnS,39.09033502667045,4.140649724985354,Cubic,2,"['S', 'Zn']",S-Zn,Zn,S,2.0192,-0.9620711764062512,,,,,
mp-10695,ZnS,39.09033502667045,4.140649724985354,Cubic,2,"['S', 'Zn']",S-Zn,Zn,S,2.0192,-0.9620711764062512,,,,,
mp-569679,ZnSe,102.42632505078257,4.681030279805861,Tetragonal,4,"['Se', 'Zn']",Se-Zn,Zn,Se,1.9671,-0.791561253671875,,,,,
mp-569679,ZnSe,102.42632505078257,4.681030279805861,Tetragonal,4,"['Se', 'Zn']",Se-Zn,Zn,Se,1.9671,-0.791561253671875,,,,,
mp-569679,ZnSe,102.42632505078257,4.681030279805861,Tetragonal,4,"['Se', 'Zn']",Se-Zn,Zn,Se,1.9671,-0.791561253671875,,,,,
mp-569679,ZnSe,102.42632505078257,4.681030279805861,Tetragonal,4,"['Se', 'Zn']",Se-Zn,Zn,Se,1.9671,-0.791561253671875,,,,,
mp-380,ZnSe,90.88655716305328,5.27537563285386,Hexagonal,4,"['Se', 'Zn']",Se-Zn,Zn,Se,1.2004,-0.946358936171875,,,,,
mp-380,ZnSe,90.88655716305328,5.27537563285386,Hexagonal,4,"['Se', 'Zn']",Se-Zn,Zn,Se,1.2004,-0.946358936171875,,,,,
mp-380,ZnSe,90.88655716305328,5.27537563285386,Hexagonal,4,"['Se', 'Zn']",Se-Zn,Zn,Se,1.2004,-0.946358936171875,,,,,
mp-380,ZnSe,90.88655716305328,5.27537563285386,Hexagonal,4,"['Se', 'Zn']",Se-Zn,Zn,Se,1.2004,-0.947540998671876,,,,,
mp-380,ZnSe,90.88655716305328,5.27537563285386,Hexagonal,4,"['Se', 'Zn']",Se-Zn,Zn,Se,1.2004,-0.947540998671876,,,,,
mp-380,ZnSe,90.88655716305328,5.27537563285386,Hexagonal,4,"['Se', 'Zn']",Se-Zn,Zn,Se,1.2004,-0.947540998671876,,,,,
mp-380,ZnSe,90.88655716305328,5.27537563285386,Hexagonal,4,"['Se', 'Zn']",Se-Zn,Zn,Se,1.2004,-0.841001534531249,,,,,
mp-380,ZnSe,90.88655716305328,5.27537563285386,Hexagonal,4,"['Se', 'Zn']",Se-Zn,Zn,Se,1.2004,-0.841001534531249,,,,,
mp-380,ZnSe,90.88655716305328,5.27537563285386,Hexagonal,4,"['Se', 'Zn']",Se-Zn,Zn,Se,1.2004,-0.841001534531249,,,,,
mp-982778,Zn3Se,143.30687965625737,6.37734580805244,Hexagonal,8,"['Se', 'Zn']",Se-Zn,Zn,Se,0.0,0.017744683164062,,,,,
mp-982778,Zn3Se,143.30687965625737,6.37734580805244,Hexagonal,8,"['Se', 'Zn']",Se-Zn,Zn,Se,0.0,0.017744683164062,,,,,
mp-982778,Zn3Se,143.30687965625737,6.37734580805244,Hexagonal,8,"['Se', 'Zn']",Se-Zn,Zn,Se,0.0,0.017744683164062,,,,,
mp-982778,Zn3Se,143.30687965625737,6.37734580805244,Hexagonal,8,"['Se', 'Zn']",Se-Zn,Zn,Se,0.0,0.017744683164062,,,,,
mp-1190,ZnSe,45.44784771695639,5.274845268778988,Cubic,2,"['Se', 'Zn']",Se-Zn,Zn,Se,1.1663,-0.9515610311718752,,,,,
mp-1190,ZnSe,45.44784771695639,5.274845268778988,Cubic,2,"['Se', 'Zn']",Se-Zn,Zn,Se,1.1663,-0.9515610311718752,,,,,
mp-1190,ZnSe,45.44784771695639,5.274845268778988,Cubic,2,"['Se', 'Zn']",Se-Zn,Zn,Se,1.1663,-0.9515610311718752,,,,,
mp-1190,ZnSe,45.44784771695639,5.274845268778988,Cubic,2,"['Se', 'Zn']",Se-Zn,Zn,Se,1.1663,-0.951561031171876,,,,,
mp-1190,ZnSe,45.44784771695639,5.274845268778988,Cubic,2,"['Se', 'Zn']",Se-Zn,Zn,Se,1.1663,-0.951561031171876,,,,,
mp-1190,ZnSe,45.44784771695639,5.274845268778988,Cubic,2,"['Se', 'Zn']",Se-Zn,Zn,Se,1.1663,-0.951561031171876,,,,,
mp-1190,ZnSe,45.44784771695639,5.274845268778988,Cubic,2,"['Se', 'Zn']",Se-Zn,Zn,Se,1.1663,-0.8450215670312491,,,,,
mp-1190,ZnSe,45.44784771695639,5.274845268778988,Cubic,2,"['Se', 'Zn']",Se-Zn,Zn,Se,1.1663,-0.8450215670312491,,,,,
mp-1190,ZnSe,45.44784771695639,5.274845268778988,Cubic,2,"['Se', 'Zn']",Se-Zn,Zn,Se,1.1663,-0.8450215670312491,,,,,
mp-1187912,Zn3Se,71.30749581527505,6.408285116395397,Cubic,4,"['Se', 'Zn']",Se-Zn,Zn,Se,0.0,0.012874514414062,,,,,
mp-1187912,Zn3Se,71.30749581527505,6.408285116395397,Cubic,4,"['Se', 'Zn']",Se-Zn,Zn,Se,0.0,0.012874514414062,,,,,
mp-1187912,Zn3Se,71.30749581527505,6.408285116395397,Cubic,4,"['Se', 'Zn']",Se-Zn,Zn,Se,0.0,0.012874514414062,,,,,
mp-1187912,Zn3Se,71.30749581527505,6.408285116395397,Cubic,4,"['Se', 'Zn']",Se-Zn,Zn,Se,0.0,0.012874514414062,,,,,
mp-1102515,ZnSe2,258.97780493022333,5.727850373967437,Cubic,12,"['Se', 'Zn']",Se-Zn,Zn,Se,0.7291999999999991,-0.644161672395833,,,,,
mp-1102515,ZnSe2,258.97780493022333,5.727850373967437,Cubic,12,"['Se', 'Zn']",Se-Zn,Zn,Se,0.7291999999999991,-0.644161672395833,,,,,
mp-1102515,ZnSe2,258.97780493022333,5.727850373967437,Cubic,12,"['Se', 'Zn']",Se-Zn,Zn,Se,0.7291999999999991,-0.644161672395833,,,,,
mp-1102515,ZnSe2,258.97780493022333,5.727850373967437,Cubic,12,"['Se', 'Zn']",Se-Zn,Zn,Se,0.7291999999999991,-0.644161672395833,,,,,
mp-571195,ZnTe,177.2564315575293,5.424327600796479,Trigonal,6,"['Te', 'Zn']",Te-Zn,Zn,Te,1.069,-0.680473905,,,,,
mp-571195,ZnTe,177.2564315575293,5.424327600796479,Trigonal,6,"['Te', 'Zn']",Te-Zn,Zn,Te,1.069,-0.680473905,,,,,
mp-571195,ZnTe,177.2564315575293,5.424327600796479,Trigonal,6,"['Te', 'Zn']",Te-Zn,Zn,Te,1.069,-0.680473905,,,,,
mp-571195,ZnTe,177.2564315575293,5.424327600796479,Trigonal,6,"['Te', 'Zn']",Te-Zn,Zn,Te,1.069,-0.680473905,,,,,
mp-1071319,ZnTe,160.4017315406937,5.994305328756802,Trigonal,6,"['Te', 'Zn']",Te-Zn,Zn,Te,0.2949,-0.532554113333332,,,,,
mp-1071319,ZnTe,160.4017315406937,5.994305328756802,Trigonal,6,"['Te', 'Zn']",Te-Zn,Zn,Te,0.2949,-0.532554113333332,,,,,
mp-1071319,ZnTe,160.4017315406937,5.994305328756802,Trigonal,6,"['Te', 'Zn']",Te-Zn,Zn,Te,0.2949,-0.532554113333332,,,,,
mp-1071319,ZnTe,160.4017315406937,5.994305328756802,Trigonal,6,"['Te', 'Zn']",Te-Zn,Zn,Te,0.2949,-0.532554113333332,,,,,
mp-9281,ZnTe,160.13065728194002,6.004452679060092,Hexagonal,6,"['Te', 'Zn']",Te-Zn,Zn,Te,0.320599999999999,-0.5340362616666661,,,,,
mp-9281,ZnTe,160.13065728194002,6.004452679060092,Hexagonal,6,"['Te', 'Zn']",Te-Zn,Zn,Te,0.320599999999999,-0.5340362616666661,,,,,
mp-9281,ZnTe,160.13065728194002,6.004452679060092,Hexagonal,6,"['Te', 'Zn']",Te-Zn,Zn,Te,0.320599999999999,-0.5340362616666661,,,,,
mp-9281,ZnTe,160.13065728194002,6.004452679060092,Hexagonal,6,"['Te', 'Zn']",Te-Zn,Zn,Te,0.320599999999999,-0.5340362616666661,,,,,
mp-8884,ZnTe,114.2558863173566,5.610196464017319,Hexagonal,4,"['Te', 'Zn']",Te-Zn,Zn,Te,1.100299999999999,-0.6789112758333331,,,,,
mp-8884,ZnTe,114.2558863173566,5.610196464017319,Hexagonal,4,"['Te', 'Zn']",Te-Zn,Zn,Te,1.100299999999999,-0.6789112758333331,,,,,
mp-8884,ZnTe,114.2558863173566,5.610196464017319,Hexagonal,4,"['Te', 'Zn']",Te-Zn,Zn,Te,1.100299999999999,-0.6789112758333331,,,,,
mp-8884,ZnTe,114.2558863173566,5.610196464017319,Hexagonal,4,"['Te', 'Zn']",Te-Zn,Zn,Te,1.100299999999999,-0.6789112758333321,,,,,
mp-8884,ZnTe,114.2558863173566,5.610196464017319,Hexagonal,4,"['Te', 'Zn']",Te-Zn,Zn,Te,1.100299999999999,-0.6789112758333321,,,,,
mp-8884,ZnTe,114.2558863173566,5.610196464017319,Hexagonal,4,"['Te', 'Zn']",Te-Zn,Zn,Te,1.100299999999999,-0.6789112758333321,,,,,
mp-8884,ZnTe,114.2558863173566,5.610196464017319,Hexagonal,4,"['Te', 'Zn']",Te-Zn,Zn,Te,1.100299999999999,-0.559371900000002,,,,,
mp-8884,ZnTe,114.2558863173566,5.610196464017319,Hexagonal,4,"['Te', 'Zn']",Te-Zn,Zn,Te,1.100299999999999,-0.559371900000002,,,,,
mp-8884,ZnTe,114.2558863173566,5.610196464017319,Hexagonal,4,"['Te', 'Zn']",Te-Zn,Zn,Te,1.100299999999999,-0.559371900000002,,,,,
mp-2176,ZnTe,171.17748428055455,5.616959252306423,Cubic,6,"['Te', 'Zn']",Te-Zn,Zn,Te,1.073299999999999,-0.6841630333333331,,,,,
mp-2176,ZnTe,171.17748428055455,5.616959252306423,Cubic,6,"['Te', 'Zn']",Te-Zn,Zn,Te,1.073299999999999,-0.6841630333333331,,,,,
mp-2176,ZnTe,171.17748428055455,5.616959252306423,Cubic,6,"['Te', 'Zn']",Te-Zn,Zn,Te,1.073299999999999,-0.6841630333333331,,,,,
mp-2176,ZnTe,171.17748428055455,5.616959252306423,Cubic,6,"['Te', 'Zn']",Te-Zn,Zn,Te,1.073299999999999,-0.6841630333333321,,,,,
mp-2176,ZnTe,171.17748428055455,5.616959252306423,Cubic,6,"['Te', 'Zn']",Te-Zn,Zn,Te,1.073299999999999,-0.6841630333333321,,,,,
mp-2176,ZnTe,171.17748428055455,5.616959252306423,Cubic,6,"['Te', 'Zn']",Te-Zn,Zn,Te,1.073299999999999,-0.6841630333333321,,,,,
mp-2176,ZnTe,171.17748428055455,5.616959252306423,Cubic,6,"['Te', 'Zn']",Te-Zn,Zn,Te,1.073299999999999,-0.5652476375000001,,,,,
mp-2176,ZnTe,171.17748428055455,5.616959252306423,Cubic,6,"['Te', 'Zn']",Te-Zn,Zn,Te,1.073299999999999,-0.5652476375000001,,,,,
mp-2176,ZnTe,171.17748428055455,5.616959252306423,Cubic,6,"['Te', 'Zn']",Te-Zn,Zn,Te,1.073299999999999,-0.5652476375000001,,,,,
mp-948,ZnTe,48.03779385806172,6.671808985491392,Cubic,2,"['Te', 'Zn']",Te-Zn,Zn,Te,0.0,-0.395610948333333,,,,,
mp-948,ZnTe,48.03779385806172,6.671808985491392,Cubic,2,"['Te', 'Zn']",Te-Zn,Zn,Te,0.0,-0.395610948333333,,,,,
mp-948,ZnTe,48.03779385806172,6.671808985491392,Cubic,2,"['Te', 'Zn']",Te-Zn,Zn,Te,0.0,-0.395610948333332,,,,,
mp-948,ZnTe,48.03779385806172,6.671808985491392,Cubic,2,"['Te', 'Zn']",Te-Zn,Zn,Te,0.0,-0.395610948333332,,,,,
mp-541441,ZnTe,101.12231632675017,6.338837881636161,Orthorhombic,4,"['Te', 'Zn']",Te-Zn,Zn,Te,0.0,-0.418536585833333,,,,,
mp-541441,ZnTe,101.12231632675017,6.338837881636161,Orthorhombic,4,"['Te', 'Zn']",Te-Zn,Zn,Te,0.0,-0.418536585833333,,,,,
mp-541441,ZnTe,101.12231632675017,6.338837881636161,Orthorhombic,4,"['Te', 'Zn']",Te-Zn,Zn,Te,0.0,-0.418536585833332,,,,,
mp-541441,ZnTe,101.12231632675017,6.338837881636161,Orthorhombic,4,"['Te', 'Zn']",Te-Zn,Zn,Te,0.0,-0.418536585833332,,,,,
mp-1206914,ZnTe2,78.90643212829721,6.747026259379396,Trigonal,3,"['Te', 'Zn']",Te-Zn,Zn,Te,0.0,-0.332333627777777,,,,,
mp-1206914,ZnTe2,78.90643212829721,6.747026259379396,Trigonal,3,"['Te', 'Zn']",Te-Zn,Zn,Te,0.0,-0.332333627777777,,,,,
mp-1206914,ZnTe2,78.90643212829721,6.747026259379396,Trigonal,3,"['Te', 'Zn']",Te-Zn,Zn,Te,0.0,-0.332333627777776,,,,,
mp-1206914,ZnTe2,78.90643212829721,6.747026259379396,Trigonal,3,"['Te', 'Zn']",Te-Zn,Zn,Te,0.0,-0.332333627777776,,,,,
mp-1021511,CdS,92.89071457991083,2.5826913192676173,Trigonal,2,"['Cd', 'S']",Cd-S,Cd,S,1.5192,-0.6315212465625,,,,,
mp-1021511,CdS,92.89071457991083,2.5826913192676173,Trigonal,2,"['Cd', 'S']",Cd-S,Cd,S,1.5192,-0.6315212465625,,,,,
mp-1021511,CdS,92.89071457991083,2.5826913192676173,Trigonal,2,"['Cd', 'S']",Cd-S,Cd,S,1.5192,-0.5238088539062491,,,,,
mp-1021511,CdS,92.89071457991083,2.5826913192676173,Trigonal,2,"['Cd', 'S']",Cd-S,Cd,S,1.5192,-0.5238088539062491,,,,,
mp-672,CdS,102.03892478274858,4.702284793707707,Hexagonal,4,"['Cd', 'S']",Cd-S,Cd,S,1.125,-0.8838398540624991,,,,,
mp-672,CdS,102.03892478274858,4.702284793707707,Hexagonal,4,"['Cd', 'S']",Cd-S,Cd,S,1.125,-0.8838398540624991,,,,,
mp-672,CdS,102.03892478274858,4.702284793707707,Hexagonal,4,"['Cd', 'S']",Cd-S,Cd,S,1.125,-0.8838398540624991,,,,,
mp-672,CdS,102.03892478274858,4.702284793707707,Hexagonal,4,"['Cd', 'S']",Cd-S,Cd,S,1.125,-0.7761274614062491,,,,,
mp-672,CdS,102.03892478274858,4.702284793707707,Hexagonal,4,"['Cd', 'S']",Cd-S,Cd,S,1.125,-0.7761274614062491,,,,,
mp-672,CdS,102.03892478274858,4.702284793707707,Hexagonal,4,"['Cd', 'S']",Cd-S,Cd,S,1.125,-0.7761274614062491,,,,,
mp-672,CdS,102.03892478274858,4.702284793707707,Hexagonal,4,"['Cd', 'S']",Cd-S,Cd,S,1.125,-0.7761274614062491,,,,,
mp-672,CdS,102.03892478274858,4.702284793707707,Hexagonal,4,"['Cd', 'S']",Cd-S,Cd,S,1.125,-0.7761274614062491,,,,,
mp-672,CdS,102.03892478274858,4.702284793707707,Hexagonal,4,"['Cd', 'S']",Cd-S,Cd,S,1.125,-0.7761274614062491,,,,,
mp-2771569,CdS,91.27012188262536,2.62854959802318,Hexagonal,2,"['Cd', 'S']",Cd-S,Cd,S,1.4908,-0.6321725865625001,,,,,
mp-2771569,CdS,91.27012188262536,2.62854959802318,Hexagonal,2,"['Cd', 'S']",Cd-S,Cd,S,1.4908,-0.6321725865625001,,,,,
mp-2771569,CdS,91.27012188262536,2.62854959802318,Hexagonal,2,"['Cd', 'S']",Cd-S,Cd,S,1.4908,-0.5244601939062481,,,,,
mp-2771569,CdS,91.27012188262536,2.62854959802318,Hexagonal,2,"['Cd', 'S']",Cd-S,Cd,S,1.4908,-0.5244601939062481,,,,,
mp-1095440,CdS2,256.4655668126394,4.572204074019703,Cubic,12,"['Cd', 'S']",Cd-S,Cd,S,1.1625,-0.659416383749999,,,,,
mp-1095440,CdS2,256.4655668126394,4.572204074019703,Cubic,12,"['Cd', 'S']",Cd-S,Cd,S,1.1625,-0.659416383749999,,,,,
mp-1095440,CdS2,256.4655668126394,4.572204074019703,Cubic,12,"['Cd', 'S']",Cd-S,Cd,S,1.1625,-0.659416383749999,,,,,
mp-1095440,CdS2,256.4655668126394,4.572204074019703,Cubic,12,"['Cd', 'S']",Cd-S,Cd,S,1.1625,-0.466330955208332,,,,,
mp-1095440,CdS2,256.4655668126394,4.572204074019703,Cubic,12,"['Cd', 'S']",Cd-S,Cd,S,1.1625,-0.466330955208332,,,,,
mp-1095440,CdS2,256.4655668126394,4.572204074019703,Cubic,12,"['Cd', 'S']",Cd-S,Cd,S,1.1625,-0.466330955208332,,,,,
mp-1095440,CdS2,256.4655668126394,4.572204074019703,Cubic,12,"['Cd', 'S']",Cd-S,Cd,S,1.1625,-0.466330955208332,,,,,
mp-1095440,CdS2,256.4655668126394,4.572204074019703,Cubic,12,"['Cd', 'S']",Cd-S,Cd,S,1.1625,-0.466330955208332,,,,,
mp-1095440,CdS2,256.4655668126394,4.572204074019703,Cubic,12,"['Cd', 'S']",Cd-S,Cd,S,1.1625,-0.466330955208332,,,,,
mp-2469,CdS,50.97769333958773,4.70613765491418,Cubic,2,"['Cd', 'S']",Cd-S,Cd,S,1.0492,-0.8823788715625001,,,,,
mp-2469,CdS,50.97769333958773,4.70613765491418,Cubic,2,"['Cd', 'S']",Cd-S,Cd,S,1.0492,-0.8823788715625001,,,,,
mp-2469,CdS,50.97769333958773,4.70613765491418,Cubic,2,"['Cd', 'S']",Cd-S,Cd,S,1.0492,-0.8823788715625001,,,,,
mp-2469,CdS,50.97769333958773,4.70613765491418,Cubic,2,"['Cd', 'S']",Cd-S,Cd,S,1.0492,-0.773414238906248,,,,,
mp-2469,CdS,50.97769333958773,4.70613765491418,Cubic,2,"['Cd', 'S']",Cd-S,Cd,S,1.0492,-0.773414238906248,,,,,
mp-2469,CdS,50.97769333958773,4.70613765491418,Cubic,2,"['Cd', 'S']",Cd-S,Cd,S,1.0492,-0.773414238906248,,,,,
mp-2469,CdS,50.97769333958773,4.70613765491418,Cubic,2,"['Cd', 'S']",Cd-S,Cd,S,1.0492,-0.773414238906248,,,,,
mp-2469,CdS,50.97769333958773,4.70613765491418,Cubic,2,"['Cd', 'S']",Cd-S,Cd,S,1.0492,-0.773414238906248,,,,,
mp-2469,CdS,50.97769333958773,4.70613765491418,Cubic,2,"['Cd', 'S']",Cd-S,Cd,S,1.0492,-0.773414238906248,,,,,
mp-370,CdS,41.7411202066207,5.74752285033426,Cubic,2,"['Cd', 'S']",Cd-S,Cd,S,0.2793,-0.7504331415625001,,,,,
mp-370,CdS,41.7411202066207,5.74752285033426,Cubic,2,"['Cd', 'S']",Cd-S,Cd,S,0.2793,-0.7504331415625001,,,,,
mp-370,CdS,41.7411202066207,5.74752285033426,Cubic,2,"['Cd', 'S']",Cd-S,Cd,S,0.2793,-0.6427207489062491,,,,,
mp-370,CdS,41.7411202066207,5.74752285033426,Cubic,2,"['Cd', 'S']",Cd-S,Cd,S,0.2793,-0.6427207489062491,,,,,
mp-1181862,CdS,83.75543759042172,5.728775327025155,Orthorhombic,4,"['Cd', 'S']",Cd-S,Cd,S,0.2766,-0.7496614890625001,,,,,
mp-1181862,CdS,83.75543759042172,5.728775327025155,Orthorhombic,4,"['Cd', 'S']",Cd-S,Cd,S,0.2766,-0.7496614890625001,,,,,
mp-1181862,CdS,83.75543759042172,5.728775327025155,Orthorhombic,4,"['Cd', 'S']",Cd-S,Cd,S,0.2766,-0.6419490964062481,,,,,
mp-1181862,CdS,83.75543759042172,5.728775327025155,Orthorhombic,4,"['Cd', 'S']",Cd-S,Cd,S,0.2766,-0.6419490964062481,,,,,
mp-1120762,Cd2S,78.99910856081468,5.399692565812861,Trigonal,3,"['Cd', 'S']",Cd-S,Cd,S,0.623899999999999,-0.366804444375,,,,,
mp-1120762,Cd2S,78.99910856081468,5.399692565812861,Trigonal,3,"['Cd', 'S']",Cd-S,Cd,S,0.623899999999999,-0.366804444375,,,,,
mp-1120762,Cd2S,78.99910856081468,5.399692565812861,Trigonal,3,"['Cd', 'S']",Cd-S,Cd,S,0.623899999999999,-0.29499618260417,,,,,
mp-1120762,Cd2S,78.99910856081468,5.399692565812861,Trigonal,3,"['Cd', 'S']",Cd-S,Cd,S,0.623899999999999,-0.29499618260417,,,,,
mp-1070,CdSe,115.97478237665474,5.480139995990648,Hexagonal,4,"['Cd', 'Se']",Cd-Se,Cd,Se,0.5724,-0.854461336171874,,,,,
mp-1070,CdSe,115.97478237665474,5.480139995990648,Hexagonal,4,"['Cd', 'Se']",Cd-Se,Cd,Se,0.5724,-0.854461336171874,,,,,
mp-1070,CdSe,115.97478237665474,5.480139995990648,Hexagonal,4,"['Cd', 'Se']",Cd-Se,Cd,Se,0.5724,-0.854461336171874,,,,,
mp-1070,CdSe,115.97478237665474,5.480139995990648,Hexagonal,4,"['Cd', 'Se']",Cd-Se,Cd,Se,0.5724,-0.837606193671875,,,,,
mp-1070,CdSe,115.97478237665474,5.480139995990648,Hexagonal,4,"['Cd', 'Se']",Cd-Se,Cd,Se,0.5724,-0.837606193671875,,,,,
mp-1070,CdSe,115.97478237665474,5.480139995990648,Hexagonal,4,"['Cd', 'Se']",Cd-Se,Cd,Se,0.5724,-0.837606193671875,,,,,
mp-1070,CdSe,115.97478237665474,5.480139995990648,Hexagonal,4,"['Cd', 'Se']",Cd-Se,Cd,Se,0.5724,-0.750365817031248,,,,,
mp-1070,CdSe,115.97478237665474,5.480139995990648,Hexagonal,4,"['Cd', 'Se']",Cd-Se,Cd,Se,0.5724,-0.750365817031248,,,,,
mp-1070,CdSe,115.97478237665474,5.480139995990648,Hexagonal,4,"['Cd', 'Se']",Cd-Se,Cd,Se,0.5724,-0.750365817031248,,,,,
mp-1095493,CdSe2,307.12565988219865,5.846404192801385,Cubic,12,"['Cd', 'Se']",Cd-Se,Cd,Se,0.6141999999999991,-0.647658847395833,,,,,
mp-1095493,CdSe2,307.12565988219865,5.846404192801385,Cubic,12,"['Cd', 'Se']",Cd-Se,Cd,Se,0.6141999999999991,-0.647658847395833,,,,,
mp-1095493,CdSe2,307.12565988219865,5.846404192801385,Cubic,12,"['Cd', 'Se']",Cd-Se,Cd,Se,0.6141999999999991,-0.635285370729166,,,,,
mp-1095493,CdSe2,307.12565988219865,5.846404192801385,Cubic,12,"['Cd', 'Se']",Cd-Se,Cd,Se,0.6141999999999991,-0.635285370729166,,,,,
mp-2691,CdSe,57.88422347057726,5.4899073125829645,Cubic,2,"['Cd', 'Se']",Cd-Se,Cd,Se,0.5096,-0.8556127261718741,,,,,
mp-2691,CdSe,57.88422347057726,5.4899073125829645,Cubic,2,"['Cd', 'Se']",Cd-Se,Cd,Se,0.5096,-0.8556127261718741,,,,,
mp-2691,CdSe,57.88422347057726,5.4899073125829645,Cubic,2,"['Cd', 'Se']",Cd-Se,Cd,Se,0.5096,-0.8556127261718741,,,,,
mp-2691,CdSe,57.88422347057726,5.4899073125829645,Cubic,2,"['Cd', 'Se']",Cd-Se,Cd,Se,0.5096,-0.8370525111718741,,,,,
mp-2691,CdSe,57.88422347057726,5.4899073125829645,Cubic,2,"['Cd', 'Se']",Cd-Se,Cd,Se,0.5096,-0.8370525111718741,,,,,
mp-2691,CdSe,57.88422347057726,5.4899073125829645,Cubic,2,"['Cd', 'Se']",Cd-Se,Cd,Se,0.5096,-0.8370525111718741,,,,,
mp-2691,CdSe,57.88422347057726,5.4899073125829645,Cubic,2,"['Cd', 'Se']",Cd-Se,Cd,Se,0.5096,-0.7498121345312471,,,,,
mp-2691,CdSe,57.88422347057726,5.4899073125829645,Cubic,2,"['Cd', 'Se']",Cd-Se,Cd,Se,0.5096,-0.7498121345312471,,,,,
mp-2691,CdSe,57.88422347057726,5.4899073125829645,Cubic,2,"['Cd', 'Se']",Cd-Se,Cd,Se,0.5096,-0.7498121345312471,,,,,
mp-1055,CdSe,47.475685789666265,6.693510929408785,Cubic,2,"['Cd', 'Se']",Cd-Se,Cd,Se,0.0,-0.710341401171874,,,,,
mp-1055,CdSe,47.475685789666265,6.693510929408785,Cubic,2,"['Cd', 'Se']",Cd-Se,Cd,Se,0.0,-0.710341401171874,,,,,
mp-1055,CdSe,47.475685789666265,6.693510929408785,Cubic,2,"['Cd', 'Se']",Cd-Se,Cd,Se,0.0,-0.691781186171874,,,,,
mp-1055,CdSe,47.475685789666265,6.693510929408785,Cubic,2,"['Cd', 'Se']",Cd-Se,Cd,Se,0.0,-0.691781186171874,,,,,
mp-1183665,Cd3Se,101.42266273712016,6.814105615987865,Tetragonal,4,"['Cd', 'Se']",Cd-Se,Cd,Se,0.0,-0.169433300585937,,,,,
mp-1183665,Cd3Se,101.42266273712016,6.814105615987865,Tetragonal,4,"['Cd', 'Se']",Cd-Se,Cd,Se,0.0,-0.169433300585937,,,,,
mp-1183665,Cd3Se,101.42266273712016,6.814105615987865,Tetragonal,4,"['Cd', 'Se']",Cd-Se,Cd,Se,0.0,-0.141592978085936,,,,,
mp-1183665,Cd3Se,101.42266273712016,6.814105615987865,Tetragonal,4,"['Cd', 'Se']",Cd-Se,Cd,Se,0.0,-0.141592978085936,,,,,
mp-1232349,Cd3Se4,840.1290356123558,5.16326984961886,Monoclinic,28,"['Cd', 'Se']",Cd-Se,Cd,Se,0.4522,-0.5859137088392851,,,,,
mp-1232349,Cd3Se4,840.1290356123558,5.16326984961886,Monoclinic,28,"['Cd', 'Se']",Cd-Se,Cd,Se,0.4522,-0.5859137088392851,,,,,
mp-1232349,Cd3Se4,840.1290356123558,5.16326984961886,Monoclinic,28,"['Cd', 'Se']",Cd-Se,Cd,Se,0.4522,-0.570004953124999,,,,,
mp-1232349,Cd3Se4,840.1290356123558,5.16326984961886,Monoclinic,28,"['Cd', 'Se']",Cd-Se,Cd,Se,0.4522,-0.570004953124999,,,,,
mp-2901401,Cd3Se4,960.7363335139388,4.515091985228548,Monoclinic,28,"['Cd', 'Se']",Cd-Se,Cd,Se,0.8668,-0.35696042267857,,,,,
mp-1226722,CdTe,56.97664694409546,6.99492973506814,Tetragonal,2,"['Cd', 'Te']",Cd-Te,Cd,Te,0.0,-0.305240148333333,,,,,
mp-1226722,CdTe,56.97664694409546,6.99492973506814,Tetragonal,2,"['Cd', 'Te']",Cd-Te,Cd,Te,0.0,-0.305240148333333,,,,,
mp-1226722,CdTe,56.97664694409546,6.99492973506814,Tetragonal,2,"['Cd', 'Te']",Cd-Te,Cd,Te,0.0,-0.196671510000001,,,,,
mp-1226722,CdTe,56.97664694409546,6.99492973506814,Tetragonal,2,"['Cd', 'Te']",Cd-Te,Cd,Te,0.0,-0.196671510000001,,,,,
mp-12581,CdTe,61.01511061008531,6.531949838797076,Tetragonal,2,"['Cd', 'Te']",Cd-Te,Cd,Te,0.0,-0.183174173333333,,,,,
mp-12581,CdTe,61.01511061008531,6.531949838797076,Tetragonal,2,"['Cd', 'Te']",Cd-Te,Cd,Te,0.0,-0.183174173333333,,,,,
mp-12581,CdTe,61.01511061008531,6.531949838797076,Tetragonal,2,"['Cd', 'Te']",Cd-Te,Cd,Te,0.0,-0.074605535000003,,,,,
mp-12581,CdTe,61.01511061008531,6.531949838797076,Tetragonal,2,"['Cd', 'Te']",Cd-Te,Cd,Te,0.0,-0.074605535000003,,,,,
mp-1492,CdTe,194.48233981805544,6.147822608776511,Trigonal,6,"['Cd', 'Te']",Cd-Te,Cd,Te,0.0215,-0.556686428333333,,,,,
mp-1492,CdTe,194.48233981805544,6.147822608776511,Trigonal,6,"['Cd', 'Te']",Cd-Te,Cd,Te,0.0215,-0.556686428333333,,,,,
mp-1492,CdTe,194.48233981805544,6.147822608776511,Trigonal,6,"['Cd', 'Te']",Cd-Te,Cd,Te,0.0215,-0.448117790000002,,,,,
mp-1492,CdTe,194.48233981805544,6.147822608776511,Trigonal,6,"['Cd', 'Te']",Cd-Te,Cd,Te,0.0215,-0.448117790000002,,,,,
mp-2872104,CdTe,194.43007948587112,6.149475065292471,Hexagonal,6,"['Cd', 'Te']",Cd-Te,Cd,Te,0.0255,-0.561563728333333,,,,,
mp-2872104,CdTe,194.43007948587112,6.149475065292471,Hexagonal,6,"['Cd', 'Te']",Cd-Te,Cd,Te,0.0255,-0.561563728333333,,,,,
mp-2872104,CdTe,194.43007948587112,6.149475065292471,Hexagonal,6,"['Cd', 'Te']",Cd-Te,Cd,Te,0.0255,-0.452995090000001,,,,,
mp-2872104,CdTe,194.43007948587112,6.149475065292471,Hexagonal,6,"['Cd', 'Te']",Cd-Te,Cd,Te,0.0255,-0.452995090000001,,,,,
mp-12779,CdTe,141.33765197053393,5.639652793960689,Hexagonal,4,"['Cd', 'Te']",Cd-Te,Cd,Te,0.618599999999999,-0.6633547883333321,,,,,
mp-12779,CdTe,141.33765197053393,5.639652793960689,Hexagonal,4,"['Cd', 'Te']",Cd-Te,Cd,Te,0.618599999999999,-0.6633547883333321,,,,,
mp-12779,CdTe,141.33765197053393,5.639652793960689,Hexagonal,4,"['Cd', 'Te']",Cd-Te,Cd,Te,0.618599999999999,-0.6633547883333321,,,,,
mp-12779,CdTe,141.33765197053393,5.639652793960689,Hexagonal,4,"['Cd', 'Te']",Cd-Te,Cd,Te,0.618599999999999,-0.5581268500000001,,,,,
mp-12779,CdTe,141.33765197053393,5.639652793960689,Hexagonal,4,"['Cd', 'Te']",Cd-Te,Cd,Te,0.618599999999999,-0.5581268500000001,,,,,
mp-12779,CdTe,141.33765197053393,5.639652793960689,Hexagonal,4,"['Cd', 'Te']",Cd-Te,Cd,Te,0.618599999999999,-0.5581268500000001,,,,,
mp-12779,CdTe,141.33765197053393,5.639652793960689,Hexagonal,4,"['Cd', 'Te']",Cd-Te,Cd,Te,0.618599999999999,-0.5581268500000001,,,,,
mp-12779,CdTe,141.33765197053393,5.639652793960689,Hexagonal,4,"['Cd', 'Te']",Cd-Te,Cd,Te,0.618599999999999,-0.5581268500000001,,,,,
mp-12779,CdTe,141.33765197053393,5.639652793960689,Hexagonal,4,"['Cd', 'Te']",Cd-Te,Cd,Te,0.618599999999999,-0.5581268500000001,,,,,
mp-406,CdTe,70.71162283069633,5.636239502916918,Cubic,2,"['Cd', 'Te']",Cd-Te,Cd,Te,0.5846,-0.6693086433333321,,,,,
mp-406,CdTe,70.71162283069633,5.636239502916918,Cubic,2,"['Cd', 'Te']",Cd-Te,Cd,Te,0.5846,-0.6693086433333321,,,,,
mp-406,CdTe,70.71162283069633,5.636239502916918,Cubic,2,"['Cd', 'Te']",Cd-Te,Cd,Te,0.5846,-0.6693086433333321,,,,,
mp-406,CdTe,70.71162283069633,5.636239502916918,Cubic,2,"['Cd', 'Te']",Cd-Te,Cd,Te,0.5846,-0.5607400050000031,,,,,
mp-406,CdTe,70.71162283069633,5.636239502916918,Cubic,2,"['Cd', 'Te']",Cd-Te,Cd,Te,0.5846,-0.5607400050000031,,,,,
mp-406,CdTe,70.71162283069633,5.636239502916918,Cubic,2,"['Cd', 'Te']",Cd-Te,Cd,Te,0.5846,-0.5607400050000031,,,,,
mp-406,CdTe,70.71162283069633,5.636239502916918,Cubic,2,"['Cd', 'Te']",Cd-Te,Cd,Te,0.5846,-0.5607400050000031,,,,,
mp-406,CdTe,70.71162283069633,5.636239502916918,Cubic,2,"['Cd', 'Te']",Cd-Te,Cd,Te,0.5846,-0.5607400050000031,,,,,
mp-406,CdTe,70.71162283069633,5.636239502916918,Cubic,2,"['Cd', 'Te']",Cd-Te,Cd,Te,0.5846,-0.5607400050000031,,,,,
mp-2388,CdTe,57.674799648756824,6.910256200990951,Cubic,2,"['Cd', 'Te']",Cd-Te,Cd,Te,0.0,-0.496035553333332,,,,,
mp-2388,CdTe,57.674799648756824,6.910256200990951,Cubic,2,"['Cd', 'Te']",Cd-Te,Cd,Te,0.0,-0.496035553333332,,,,,
mp-2388,CdTe,57.674799648756824,6.910256200990951,Cubic,2,"['Cd', 'Te']",Cd-Te,Cd,Te,0.0,-0.387466915,,,,,
mp-2388,CdTe,57.674799648756824,6.910256200990951,Cubic,2,"['Cd', 'Te']",Cd-Te,Cd,Te,0.0,-0.387466915,,,,,
mp-685146,CdTe,145.52114935338304,5.4775219091473915,Orthorhombic,4,"['Cd', 'Te']",Cd-Te,Cd,Te,0.6234000000000001,-0.660677145833333,,,,,
mp-685146,CdTe,145.52114935338304,5.4775219091473915,Orthorhombic,4,"['Cd', 'Te']",Cd-Te,Cd,Te,0.6234000000000001,-0.660677145833333,,,,,
mp-685146,CdTe,145.52114935338304,5.4775219091473915,Orthorhombic,4,"['Cd', 'Te']",Cd-Te,Cd,Te,0.6234000000000001,-0.5521085075000011,,,,,
mp-685146,CdTe,145.52114935338304,5.4775219091473915,Orthorhombic,4,"['Cd', 'Te']",Cd-Te,Cd,Te,0.6234000000000001,-0.5521085075000011,,,,,
mp-1008471,CdTe,120.86986968890923,6.594656599523121,Orthorhombic,4,"['Cd', 'Te']",Cd-Te,Cd,Te,0.0,-0.485339010833333,,,,,
mp-1008471,CdTe,120.86986968890923,6.594656599523121,Orthorhombic,4,"['Cd', 'Te']",Cd-Te,Cd,Te,0.0,-0.485339010833333,,,,,
mp-1008471,CdTe,120.86986968890923,6.594656599523121,Orthorhombic,4,"['Cd', 'Te']",Cd-Te,Cd,Te,0.0,-0.376770372500001,,,,,
mp-1008471,CdTe,120.86986968890923,6.594656599523121,Orthorhombic,4,"['Cd', 'Te']",Cd-Te,Cd,Te,0.0,-0.376770372500001,,,,,
mp-1066480,CdTe,115.55035285930698,6.898250538429776,Orthorhombic,4,"['Cd', 'Te']",Cd-Te,Cd,Te,0.0,-0.487347073333332,,,,,
mp-1066480,CdTe,115.55035285930698,6.898250538429776,Orthorhombic,4,"['Cd', 'Te']",Cd-Te,Cd,Te,0.0,-0.487347073333332,,,,,
mp-1066480,CdTe,115.55035285930698,6.898250538429776,Orthorhombic,4,"['Cd', 'Te']",Cd-Te,Cd,Te,0.0,-0.378778435,,,,,
mp-1066480,CdTe,115.55035285930698,6.898250538429776,Orthorhombic,4,"['Cd', 'Te']",Cd-Te,Cd,Te,0.0,-0.378778435,,,,,
mp-1183651,Cd3Te,104.72737130336832,7.370311565531026,Tetragonal,4,"['Cd', 'Te']",Cd-Te,Cd,Te,0.0,-0.025267384166666,,,,,
mp-1183651,Cd3Te,104.72737130336832,7.370311565531026,Tetragonal,4,"['Cd', 'Te']",Cd-Te,Cd,Te,0.0,-0.025267384166666,,,,,
mp-1183651,Cd3Te,104.72737130336832,7.370311565531026,Tetragonal,4,"['Cd', 'Te']",Cd-Te,Cd,Te,0.0,0.029016934999997,,,,,
mp-1183651,Cd3Te,104.72737130336832,7.370311565531026,Tetragonal,4,"['Cd', 'Te']",Cd-Te,Cd,Te,0.0,0.029016934999997,,,,,
